57,49,420
87,87,430
10,15,1144
15,10,1341
23,8,1578
54,54,2120
39,4,2801
8,23,2862
23,8,2862
52,70,3304
22,6,4530
36,22,6251
10,15,7053
39,4,7700
39,4,7993
39,4,9066
93,77,9232
76,72,9246
39,4,9455
10,15,9739
10,15,10131
39,4,11159
75,58,11161
6,22,15096
15,10,15475
23,8,15781
23,8,16062
93,77,17788
10,15,19430
81,74,19960
6,15,20363
15,10,21219
6,15,21996
15,10,23903
15,6,23978
6,15,24158
15,10,24297
8,23,26364
8,23,26645
15,6,29191
15,10,33590
4,102,33653
102,4,37252
12,12,41306
12,12,41671
54,54,42972
54,54,47617
74,76,47721
74,81,47959
12,12,48720
42,44,49021
71,43,51173
10,15,52516
10,15,52575
77,77,52829
77,77,52847
55,97,52945
97,55,52972
77,77,54900
42,97,56408
74,76,56469
54,54,56565
54,54,56592
97,42,56612
96,63,57174
23,5,57542
44,42,57644
44,42,57931
89,89,58231
5,23,59260
77,77,60442
5,23,61221
54,54,63539
77,77,64611
77,77,64711
97,44,65311
89,89,65487
97,98,65557
39,4,65610
39,4,65685
20,26,66309
97,98,66357
15,10,66852
15,10,66925
54,54,66948
39,4,67445
32,32,68213
97,98,68292
42,44,69475
89,89,70869
23,8,71132
12,12,71173
70,44,71409
44,70,71517
96,63,71616
12,12,71829
76,74,72614
6,22,72672
81,74,72835
42,44,73508
42,44,73535
42,44,73550
42,44,73558
81,76,74749
76,81,74758
12,12,74961
81,76,75311
76,81,75320
42,44,75556
44,42,75599
42,44,75849
44,42,75919
96,63,76033
63,63,77425
44,42,77619
71,43,77690
54,54,77694
10,15,78036
4,23,78049
96,63,78211
20,26,78271
32,32,78720
23,8,78996
8,23,78999
23,8,79210
8,23,79213
4,102,79605
12,12,80143
4,23,80587
77,77,80808
77,84,80851
77,84,80897
4,102,81523
76,74,81595
46,46,81699
8,23,81718
44,42,81826
44,42,81845
42,44,81850
12,12,81948
44,42,82648
42,44,82653
89,89,82883
22,6,83825
12,12,83889
12,12,83908
22,6,84107
77,84,84353
84,77,84455
8,23,84668
22,6,84669
102,4,85126
22,6,86638
22,6,86678
23,8,86855
63,63,86950
77,77,87086
39,4,87092
8,23,87268
23,8,87270
39,4,87407
39,4,87417
74,76,87758
77,77,87925
15,6,88211
39,4,89547
10,6,89648
39,4,90110
39,4,90853
4,30,91883
15,10,92370
39,4,92643
23,5,92657
42,44,93514
39,4,93604
6,22,93746
42,44,93833
39,4,94366
6,22,94843
6,22,95413
42,44,95531
8,23,96290
23,8,96290
5,23,96335
6,22,97419
76,72,97592
6,22,98009
8,23,101103
23,8,101108
4,8,101579
6,15,103163
42,48,103572
4,12,105869
15,6,106771
4,8,106897
76,74,112715
42,44,118970
8,23,120580
4,23,121267
23,8,124209
23,4,124409
10,15,127763
77,77,128934
54,54,134851
54,54,136812
37,37,137446
70,98,139812
70,98,140050
42,44,140241
12,12,140356
70,97,141921
97,70,141927
15,10,142099
70,98,142679
6,10,143636
97,98,143672
96,63,144162
10,15,145162
12,12,145242
12,12,146224
96,63,146593
10,15,146816
97,98,146839
96,63,147229
15,10,147438
97,98,147749
81,76,148477
21,15,148932
55,55,148988
46,46,149095
46,46,149287
46,46,149302
46,46,149308
46,46,149326
70,98,149338
44,42,149410
42,44,149632
44,42,149633
77,77,149724
54,54,150167
54,54,150435
54,54,150628
15,10,150709
70,98,151025
70,98,151153
16,19,151749
44,42,151821
42,44,151832
10,15,152150
70,98,152581
15,10,153069
15,10,153702
91,101,154483
10,15,154521
10,15,154570
54,54,154752
54,54,154776
10,15,155112
39,4,155149
39,4,155845
10,15,156396
10,15,156566
5,60,157814
5,60,158140
5,60,158254
5,60,158256
15,10,158258
54,54,158884
12,12,158926
10,15,158973
15,10,159492
10,15,159792
10,15,159959
10,15,160533
12,12,160712
15,10,161111
15,10,161152
60,5,161371
60,5,161789
60,5,161812
23,5,162089
12,53,162991
84,77,163389
10,15,163715
84,77,163885
22,6,164518
23,5,165431
23,5,165735
5,23,165767
19,16,165977
15,10,166388
15,10,166460
15,10,166483
10,15,167098
57,49,167256
54,54,167785
10,15,168157
5,23,169104
6,15,169252
5,23,169407
15,10,169447
57,49,170233
15,10,170547
22,6,170594
15,10,170731
57,49,170735
77,84,170753
15,10,170901
96,63,171501
49,57,171557
26,20,172075
15,10,173031
15,10,173076
32,32,173081
15,10,173120
15,10,173164
54,57,173168
15,10,173210
54,57,173255
15,10,173264
54,57,173273
15,10,173313
54,54,173715
39,4,173864
15,10,174124
12,12,174202
89,89,174262
15,10,174295
77,84,174401
54,54,174744
15,10,174869
22,6,175021
6,22,175299
22,6,175313
22,6,175476
54,54,175570
10,6,176854
15,10,178050
39,4,179796
39,4,179902
6,22,181327
15,10,181433
4,77,181489
10,6,181558
15,10,181950
39,4,182342
15,10,182491
10,6,182669
23,5,183191
101,91,183370
23,4,185710
6,22,185838
6,22,186048
6,22,186232
23,8,186657
5,23,186868
6,10,187642
39,4,187853
6,15,190067
39,4,190381
53,12,191826
6,10,192302
6,10,192346
6,10,193462
101,90,194207
15,6,194791
6,15,194974
101,90,195934
15,6,196133
101,90,197410
57,49,200026
54,54,202066
12,12,204411
77,93,205848
77,93,210634
12,12,210958
89,89,212320
96,63,214498
77,84,215017
42,44,222652
54,57,223235
93,77,223834
63,63,223949
54,57,225337
54,57,225652
77,93,226380
77,93,226553
54,54,226730
96,63,226858
96,63,227318
96,63,227448
96,63,227551
74,95,227651
52,93,228370
96,63,228412
52,93,228483
93,77,228622
46,46,229244
14,93,229260
46,46,229271
77,93,229795
96,63,230398
74,95,230630
63,63,230726
52,93,230801
63,63,231052
52,93,231523
52,93,231561
52,93,231824
74,95,232213
37,37,232285
39,4,232513
57,49,232560
49,57,232651
23,5,232957
12,12,233196
12,12,233211
23,5,233812
44,42,234088
42,44,234092
5,23,234513
39,4,234555
44,42,234632
42,44,234635
10,15,234688
39,4,234691
20,21,234751
23,5,234780
23,5,234802
21,20,234840
23,5,235010
89,89,235182
39,4,235191
39,4,235347
96,63,235593
39,4,235640
39,4,235709
10,15,236447
5,23,236634
37,37,237270
5,23,237489
57,49,237755
49,57,238381
5,23,238459
5,23,238463
4,12,238467
5,23,238482
5,23,238689
52,70,240712
97,55,240980
6,15,240987
12,12,242010
4,23,243829
6,15,244365
93,77,244538
57,54,245064
12,12,245292
74,93,245454
6,15,245619
54,54,246077
81,76,246948
93,77,247781
42,97,248828
15,10,249076
81,76,249082
76,81,249084
12,4,249276
15,10,250842
42,44,251301
42,44,251341
57,54,251904
39,4,253517
32,32,253565
32,32,253616
57,54,254011
57,54,254327
74,95,255211
76,81,255612
74,95,255622
93,74,257640
74,93,258423
88,88,258707
54,54,258769
67,30,258810
93,74,259760
57,49,261128
22,6,261860
22,6,261890
82,8,262143
82,8,262313
82,8,262473
12,12,262579
12,12,262593
39,4,264209
24,6,264339
6,15,265001
39,4,265949
76,72,266782
57,49,266847
4,12,267121
15,6,268601
23,5,269230
32,32,269607
4,8,269847
6,15,270034
93,74,270259
5,23,272187
6,22,272595
6,22,272625
93,74,272728
5,23,272905
5,8,273098
4,8,273429
4,12,274320
4,8,274488
76,72,274514
6,15,275447
6,15,276811
76,81,277447
4,8,277465
15,6,280413
32,32,280934
8,23,282107
23,8,282185
12,4,290501
63,63,293772
12,4,294823
12,4,298943
54,54,299079
90,53,300530
12,4,300550
20,21,301576
97,70,301702
70,97,301709
90,53,306500
99,78,307358
32,32,307928
89,89,310522
54,54,310631
46,46,310757
97,44,311223
97,98,312415
77,77,312616
97,98,313098
10,15,313484
54,54,314618
10,15,315485
4,12,315536
10,15,315599
10,6,315653
42,44,315929
12,12,315949
6,15,316601
39,4,317828
39,4,317830
6,15,318486
39,4,318849
8,82,319755
4,12,319859
8,82,319924
8,82,320085
10,15,320541
44,42,320840
10,15,320890
6,15,321855
6,15,322029
15,6,322100
96,63,323894
4,12,323984
39,4,324032
39,4,324107
54,54,324136
96,63,324431
54,54,324842
42,44,324987
15,6,325462
4,12,325605
54,48,326508
70,72,327082
77,77,327143
96,63,327382
15,10,327640
15,10,328939
53,90,329367
44,42,329443
42,44,329446
44,42,329458
44,42,329487
42,44,329490
42,44,329498
44,42,329502
42,44,329508
15,10,329757
81,74,330406
81,74,330414
81,74,330443
20,26,331273
20,26,331323
12,12,332397
32,32,332528
81,74,333022
10,15,334644
15,10,334694
15,10,334724
10,15,335030
15,10,335046
4,8,335730
8,4,335744
6,15,335950
23,8,336472
8,23,336783
32,32,337222
23,4,338145
12,12,338192
23,4,338229
23,4,338288
42,44,338750
12,12,340732
39,4,341116
97,44,341351
20,26,341594
32,32,342623
23,4,343788
91,6,344084
26,20,345691
26,20,345729
54,42,345870
23,4,346456
44,42,346471
4,4,346550
4,4,346555
39,4,346783
39,4,347242
39,4,347289
54,57,348681
54,57,348705
4,23,348709
4,23,348811
15,6,348842
4,23,348861
39,4,348899
51,61,349097
15,10,349369
76,72,352080
4,23,354366
39,4,354379
26,20,355996
4,23,357023
39,4,360805
39,4,360990
6,91,369405
6,15,369828
26,20,369936
76,74,372352
15,6,373429
54,54,375880
57,54,377381
57,54,377450
70,98,381346
44,42,381551
42,44,381556
70,98,382144
44,42,382197
42,44,382203
42,54,382468
96,63,383696
54,54,385431
74,81,385580
74,81,385663
74,81,385930
74,81,386547
54,54,392859
44,42,394050
49,57,394869
54,54,395544
54,54,395595
49,57,395816
54,54,396454
44,42,396487
96,63,396592
96,63,396639
96,63,396768
49,57,396774
49,57,397116
55,66,397124
89,89,397762
39,4,398742
39,4,398823
70,98,400837
10,15,401508
54,54,402377
54,54,402472
49,57,402550
49,57,402784
54,54,402953
12,12,404408
10,15,405002
10,15,405510
89,89,406237
49,57,406387
49,57,406476
23,8,406688
42,54,407178
42,44,407591
46,46,407830
52,49,408301
52,49,408642
49,57,408830
6,15,408838
52,49,408846
44,42,409066
42,44,409070
27,15,410302
27,15,410333
27,15,410410
27,15,410433
26,20,410896
42,44,411976
15,6,412444
12,12,413323
39,4,413919
57,54,414010
57,54,414042
39,4,414155
42,44,414401
42,44,415230
10,15,415289
96,63,415304
63,63,415393
96,63,415518
15,10,415670
12,12,416673
96,63,416717
26,20,416894
20,21,416964
21,20,417035
8,23,417271
10,15,418261
42,44,419090
19,16,419202
15,10,419337
15,10,419846
44,61,420038
102,4,420588
74,76,420807
102,4,421169
32,32,422303
57,49,423339
102,4,424696
102,4,424769
57,49,425253
57,49,425583
20,21,425934
21,20,426020
8,23,426170
8,23,426335
81,74,426728
10,15,427645
10,15,427966
76,72,428060
22,6,428779
76,72,429145
15,10,429451
10,15,429675
76,72,430409
77,77,430430
76,72,430793
57,49,431029
57,49,431218
44,42,431283
44,61,432152
44,14,432225
97,98,432466
27,15,433461
44,42,434640
27,15,434666
57,49,434867
57,49,434935
10,6,435378
44,70,435557
76,72,435850
81,76,436374
76,72,436496
57,49,437299
61,44,437954
39,4,438093
39,4,438158
20,21,438514
39,4,438517
21,20,438601
6,22,439581
76,72,440730
20,21,441465
21,20,441556
15,10,441988
15,10,442310
20,21,442425
21,20,442441
21,20,442492
20,21,442506
23,8,443803
15,10,444018
76,72,444221
76,74,445694
76,72,446951
76,72,447241
6,15,448479
15,6,448890
42,44,449199
32,32,449755
21,21,451972
15,6,452074
76,72,452777
76,72,452810
8,23,454618
102,102,458406
42,44,467983
87,87,471320
70,98,472204
70,98,472475
12,12,474204
54,54,474728
12,12,479018
54,54,481489
51,44,482359
10,15,482384
12,12,483930
55,66,484003
42,44,484366
91,6,485256
51,44,486100
46,46,488588
46,46,488601
46,46,488607
91,6,489130
54,54,489273
12,12,489768
32,32,490267
54,54,490483
26,20,493294
22,6,493562
70,98,493955
70,98,494012
22,6,494750
22,6,494840
22,6,495035
70,98,495073
42,44,495766
22,6,496141
12,12,496569
87,87,496743
97,44,499403
97,44,499856
14,44,500320
58,58,500626
70,98,502232
97,70,502987
97,44,503286
23,8,503499
8,23,503501
51,61,503661
54,54,503762
97,70,504062
70,97,504159
6,22,504327
54,54,504429
10,15,504467
54,54,504468
97,70,504531
75,58,505127
6,22,505485
6,22,505689
6,22,505795
6,22,505819
10,15,506683
6,22,506893
52,93,506942
51,61,507122
97,55,507433
54,54,509362
74,81,509939
49,57,510146
6,91,510580
22,6,510663
10,15,511622
20,21,513123
20,21,513169
21,20,513188
42,44,513191
42,44,513211
21,20,513228
42,44,513239
67,30,513461
22,6,513491
32,32,513942
10,15,514260
10,6,514421
6,91,514455
57,49,515101
57,49,516325
57,49,516354
37,37,517033
70,98,517214
4,8,518035
4,23,518399
12,12,519173
54,54,519209
10,6,519308
4,8,519553
15,10,521027
23,8,521064
57,49,521238
4,8,521364
4,23,521483
10,27,521728
97,44,521950
97,44,521993
23,8,522578
4,23,523118
6,22,524121
6,22,524242
6,15,524263
6,10,524287
6,15,524325
6,10,524712
4,8,524908
4,8,524931
6,10,524974
4,23,525270
15,10,525777
23,8,527764
15,6,527863
15,6,527932
15,10,528421
22,6,529217
8,23,533394
4,8,534389
8,4,534391
8,23,538577
57,49,538587
57,49,538622
6,15,538969
6,10,539467
6,22,539967
15,6,542569
8,23,543897
8,23,543925
8,23,543972
91,6,551186
54,54,556648
96,63,559011
96,63,559051
96,63,559066
91,6,560935
10,6,566117
10,6,566162
10,6,566230
10,6,569683
10,6,570248
10,6,570322
63,63,570994
12,12,571378
55,66,572253
55,66,572548
63,63,572820
97,44,573027
52,93,573997
46,46,574586
46,46,574720
46,46,574990
20,26,575247
20,26,575295
6,91,576501
6,10,576900
6,10,576962
6,10,577022
4,23,578669
96,63,579329
12,12,580331
6,10,580473
6,10,581111
97,44,581763
4,77,582013
97,44,582238
27,10,583249
10,27,583282
46,46,583817
46,46,583855
12,12,585165
6,91,586258
74,48,587936
32,32,588543
26,20,589424
26,20,589473
12,12,591207
37,37,591519
6,15,592987
74,48,594301
32,32,594344
74,48,594699
32,32,594724
32,32,595609
57,49,595886
54,54,595970
57,49,596375
15,6,596587
26,20,597658
10,15,598880
4,104,599169
10,15,600042
57,49,601255
81,76,602519
46,46,602840
81,76,603650
46,46,603748
46,46,603836
46,46,603872
46,46,603881
46,46,603897
46,46,603926
46,46,604192
12,12,604194
12,12,604235
46,46,604326
89,89,604425
4,23,604594
89,89,604719
32,32,604861
53,90,605613
12,12,605730
57,49,605862
57,49,605960
32,32,607072
42,44,607949
44,42,607953
42,44,607961
42,44,608368
44,42,608374
15,10,613276
5,60,613534
5,60,613569
15,6,614358
15,10,614381
6,15,614797
5,60,615041
11,5,617051
11,5,617085
32,32,618030
15,6,618364
15,6,618398
11,5,618553
23,4,620479
23,4,620637
81,76,623876
76,81,624140
32,32,625697
52,93,640054
76,72,640092
51,61,640298
76,72,641623
51,61,642142
60,5,644166
60,5,644238
55,97,647218
55,97,647223
97,55,647243
55,97,647930
97,55,647954
74,93,651783
54,54,651822
10,15,653521
54,54,654001
89,89,654274
10,15,654388
44,42,654705
42,44,654715
54,54,655977
54,54,656006
77,77,656358
89,89,657720
103,102,658090
46,46,658535
4,12,659305
12,12,660007
12,12,660118
12,12,660663
102,103,660962
102,103,661145
70,98,661901
42,70,662311
70,42,662334
5,60,662466
4,12,662809
4,12,662848
93,77,666070
93,74,666082
18,69,666962
77,77,668085
54,54,669010
23,8,669025
23,8,669236
8,23,669251
89,89,671927
44,42,672622
42,44,672624
8,4,674364
32,32,675080
84,66,677013
4,8,679760
8,4,679768
84,77,682012
12,12,686529
12,4,689197
96,63,689419
12,12,689645
20,26,692358
54,54,692774
54,54,692950
37,37,693533
12,12,694087
32,32,694088
55,97,694566
97,55,694590
77,77,695881
15,10,700643
93,72,705950
6,15,706452
6,15,711587
6,15,714531
40,40,715093
74,81,724382
42,44,727226
42,44,727263
52,70,733810
97,44,734198
37,68,740690
87,87,740756
12,12,742192
74,93,742454
74,93,743036
32,32,745041
36,22,746329
63,63,748729
12,12,748997
12,12,749024
81,74,749490
37,37,749523
20,26,749782
20,26,749895
20,26,749949
5,60,750360
5,60,750380
20,26,752151
55,55,752867
55,55,752873
77,93,753375
20,26,754251
54,54,755160
54,54,755449
27,10,756494
93,74,756767
63,63,756798
25,26,757194
25,26,757325
93,74,757335
74,95,758160
74,95,758183
74,95,758189
74,95,758212
39,4,758461
54,54,758757
54,54,758856
89,89,759083
26,20,760749
26,20,760977
12,12,761053
26,20,761985
32,32,762680
51,44,763377
12,12,764722
74,81,764794
26,20,766341
20,26,766349
27,10,767176
10,27,767243
97,98,767481
93,77,767705
26,20,767909
26,20,767957
46,46,768286
46,46,768308
15,6,768592
96,63,769917
96,63,769945
26,20,772260
39,4,772411
10,15,773411
93,77,774031
39,4,774892
27,10,774893
27,10,774928
10,27,774964
10,27,774999
89,89,775035
26,20,776227
10,15,777766
54,54,779667
39,4,779773
54,54,779803
20,26,780402
74,81,781323
70,98,782192
6,15,783149
26,20,783229
26,20,783302
6,15,783559
20,26,783636
26,20,784366
20,26,784799
12,12,785125
49,57,785192
49,57,785269
39,4,787543
39,4,787907
81,74,789674
6,15,792674
70,98,794495
6,15,794803
6,15,795576
57,49,795767
57,49,795827
70,98,797948
26,20,798404
34,40,799470
34,40,799498
34,40,800175
63,63,801135
26,20,801642
26,20,802799
96,63,804016
81,74,806203
52,93,814538
52,93,815425
52,70,815453
54,54,826929
12,12,827518
32,32,827686
37,37,828176
54,54,830331
74,95,831487
12,12,833002
93,77,834081
89,89,834910
74,76,836453
89,89,840985
74,76,841238
84,48,841289
54,54,841912
54,54,841978
20,26,843854
63,63,843982
54,54,844068
63,63,844097
20,26,844112
35,27,847776
35,27,847951
5,23,849263
5,60,849291
5,60,849604
6,15,851089
6,10,851108
6,15,851152
10,15,852883
20,26,854121
12,12,854718
44,97,854930
97,44,854944
63,63,855438
63,63,855511
63,63,855522
63,63,855999
63,63,856047
87,87,856053
63,63,856091
10,15,857912
39,4,859397
39,4,859484
70,72,860564
4,23,861739
4,23,861821
70,44,862161
36,22,863493
81,76,863946
76,81,863947
63,63,864499
74,81,864869
26,20,864926
54,54,865583
32,32,865728
27,15,866168
76,74,866355
25,63,867472
32,32,867497
25,63,868425
81,76,868512
32,32,869026
25,63,869460
76,81,871590
81,76,871592
15,10,872254
76,81,872330
81,76,872336
76,81,873158
81,76,873160
96,63,873544
4,8,873676
93,77,874210
10,6,874234
10,15,874380
39,4,874847
39,4,875756
23,5,876032
5,23,876107
15,10,877082
6,15,877308
70,44,877388
6,15,877932
39,4,879899
39,4,881171
39,4,881368
39,4,881426
23,5,882513
23,5,882653
81,76,883065
6,10,884972
4,4,885740
4,4,885746
39,4,888878
101,90,892034
63,63,893815
76,81,893855
23,4,893953
8,4,893977
12,12,899696
63,63,902407
74,76,911320
74,81,911353
54,54,912206
81,76,912846
76,81,912847
10,15,913300
10,15,914167
81,76,914549
76,81,914565
81,76,914569
10,15,914963
10,15,915096
12,12,915382
81,76,915772
76,81,915776
10,15,918031
39,4,919849
87,87,920351
93,77,920396
87,87,920483
87,87,920491
87,87,920492
89,89,920976
89,89,920991
54,54,921736
39,4,921801
6,10,922044
63,63,922281
93,77,922353
77,93,922786
36,22,923021
77,93,923295
74,95,923728
15,27,923774
15,10,927643
15,10,928511
81,74,929262
15,10,929303
15,10,929435
22,6,929506
32,32,929671
74,95,930934
23,60,930964
22,6,931067
23,8,931201
10,15,931222
74,95,931383
63,63,932137
15,10,932375
22,6,933226
22,6,933859
46,46,934395
46,46,934469
10,15,934600
96,63,934902
46,46,936281
46,46,936317
89,89,936756
93,77,937628
10,15,938780
32,32,939377
89,89,939383
6,15,939765
6,15,940135
6,22,940404
56,86,940526
74,93,940796
12,12,941159
22,6,941354
6,22,941805
12,4,942821
6,22,942972
12,12,943114
15,6,943377
15,6,943726
6,22,943989
102,102,945995
102,102,946001
25,63,947327
34,40,948251
6,22,948752
15,10,948936
6,15,950237
39,4,950264
6,15,950483
39,4,950716
22,6,951288
97,98,951516
32,32,951789
6,22,952091
15,10,953124
22,6,953318
22,6,953350
22,6,953404
22,6,953481
22,6,953593
23,8,953755
23,8,953893
23,8,953941
15,6,954008
15,6,954081
6,22,954550
93,74,955108
25,63,956218
25,63,956253
32,32,960305
24,6,960530
23,8,961665
23,5,961721
5,23,961791
24,6,961993
6,22,962026
8,23,962238
23,4,962752
23,4,963590
6,22,964031
6,22,964068
6,22,964200
22,6,964201
6,22,964222
6,22,964343
22,6,965538
8,23,966634
23,8,966634
101,90,966831
22,6,966951
22,6,968097
6,15,968100
6,15,968441
25,63,969297
86,56,969372
23,8,971390
8,23,971394
6,15,972053
4,23,973557
4,12,973720
4,23,974393
6,22,974941
24,6,975117
24,6,975535
15,6,975665
24,6,975714
6,22,976313
6,22,977688
6,22,978846
4,8,988703
46,46,989550
54,54,989675
12,12,992094
12,12,992186
97,55,992311
63,63,992592
97,55,997345
97,44,997443
10,6,997662
10,6,997739
4,4,998436
4,4,998441
4,4,998449
52,48,998639
32,32,998800
12,4,1000548
54,54,1000632
42,44,1000742
87,87,1000904
51,44,1001053
51,61,1001123
12,4,1001242
42,44,1002177
54,54,1003274
97,55,1003478
74,95,1004129
63,63,1004233
74,95,1005004
51,44,1006216
77,93,1006377
39,4,1007086
42,44,1007232
12,4,1007545
6,10,1008534
36,22,1011620
23,5,1012078
5,23,1012147
23,5,1012176
5,23,1012380
5,23,1012391
36,22,1012825
36,22,1012904
63,63,1013033
46,46,1013128
10,6,1013173
23,8,1013401
46,46,1013438
46,46,1013807
23,8,1013833
46,46,1013918
46,46,1014005
10,15,1014197
74,93,1014320
42,44,1014447
4,12,1015518
54,54,1015675
4,12,1016497
32,32,1017032
54,54,1017178
4,12,1017190
10,6,1017334
12,12,1017589
63,63,1017732
8,23,1017857
23,8,1019308
8,23,1019312
89,89,1019442
93,77,1020671
93,77,1020710
49,49,1020901
60,23,1020971
4,12,1021792
49,25,1023453
10,15,1023510
99,78,1023536
6,10,1023912
16,19,1025554
4,12,1026313
10,15,1027270
36,22,1027376
49,49,1027449
6,10,1028074
93,74,1028433
15,10,1028540
93,74,1028626
10,15,1029529
54,54,1029690
99,78,1031459
10,15,1031706
93,74,1031797
37,37,1032152
10,15,1032619
99,78,1032715
71,43,1032763
71,43,1032779
23,4,1033585
23,8,1033602
32,32,1033737
10,15,1034013
14,4,1035969
87,87,1036367
87,87,1036408
23,4,1036719
23,8,1036793
23,8,1036820
23,4,1036853
23,8,1036899
23,8,1036999
23,8,1037040
23,4,1037076
87,87,1037142
49,49,1037196
49,49,1037255
49,49,1037525
96,63,1038162
16,19,1039048
32,32,1039191
77,77,1041646
15,10,1041661
12,4,1042240
40,40,1044042
8,23,1044362
23,8,1044366
4,23,1044395
8,23,1044411
37,37,1044449
8,23,1044566
23,8,1044569
39,4,1045169
20,26,1045492
25,63,1045992
15,10,1046669
15,10,1046958
23,8,1047014
8,23,1047016
4,23,1047522
8,23,1047601
8,23,1047632
4,23,1047663
8,23,1047702
4,8,1047762
8,4,1047765
8,23,1047853
4,23,1047885
15,10,1048353
4,8,1048459
8,4,1048463
19,16,1050317
23,8,1050877
8,23,1050880
22,6,1052220
25,63,1053665
81,76,1053983
25,63,1054110
25,63,1054549
23,8,1054645
8,23,1054649
81,76,1057362
87,87,1057384
6,15,1057804
6,15,1058065
87,87,1058385
26,20,1059136
26,20,1059173
26,20,1059680
6,15,1061238
15,6,1061661
6,22,1062962
15,6,1064844
81,76,1071901
81,76,1076214
81,76,1077645
32,32,1084709
84,77,1084716
77,84,1084836
84,77,1085069
12,12,1085117
12,12,1085294
12,12,1085400
10,15,1085729
63,63,1087033
63,63,1087070
23,4,1087136
39,4,1087342
10,15,1087417
8,4,1087581
42,44,1087867
99,78,1091270
23,5,1093720
12,12,1095211
54,54,1095453
10,15,1095641
32,32,1095853
52,93,1096048
52,70,1096284
10,15,1096594
54,54,1096730
77,77,1096945
6,15,1096994
89,89,1097534
52,93,1098973
49,49,1100188
15,6,1100609
52,80,1101737
49,80,1101984
71,43,1105568
36,92,1107093
87,87,1108281
23,4,1108683
12,12,1111516
74,81,1111516
81,76,1111814
12,12,1112173
46,46,1113041
81,76,1113050
12,12,1113233
12,12,1113265
78,40,1114320
40,78,1114495
8,4,1114617
23,8,1116584
8,23,1116594
10,15,1116917
10,15,1117846
5,5,1117888
10,15,1118712
8,4,1119027
4,8,1119143
8,4,1119147
36,92,1119149
5,23,1119674
5,23,1119702
10,15,1120510
71,43,1120989
23,8,1121152
8,23,1121154
8,23,1121214
23,8,1121365
8,23,1121367
57,80,1123126
6,15,1124047
54,54,1124066
49,49,1124567
54,54,1124774
49,49,1124824
46,46,1125026
4,8,1125416
89,89,1126293
15,6,1127651
39,4,1128133
10,6,1128328
39,4,1128623
23,8,1128781
39,4,1128880
6,15,1130243
15,10,1132183
39,4,1132397
21,26,1132400
8,4,1132598
20,21,1132654
21,20,1132691
21,20,1132720
21,26,1133503
15,10,1134844
23,4,1135141
76,72,1135766
76,72,1136148
36,26,1136625
32,32,1136641
36,92,1136744
36,5,1136815
36,92,1136991
39,4,1137052
36,92,1137055
36,92,1137093
36,92,1137205
39,4,1137262
36,92,1137308
39,4,1137409
36,92,1138033
36,92,1138097
36,92,1138244
36,92,1138300
36,92,1138447
6,10,1139115
8,23,1139599
5,26,1141650
5,26,1141784
4,8,1143405
87,87,1144520
6,15,1144786
8,4,1144836
4,8,1144841
8,4,1144864
4,8,1144870
26,5,1145183
26,5,1145380
4,23,1145944
26,21,1146614
26,21,1147709
15,6,1148393
63,63,1155684
42,97,1160817
42,97,1161815
42,97,1161840
54,54,1161842
42,97,1161927
42,97,1161936
42,97,1161940
54,54,1163617
54,54,1165692
39,4,1165986
74,81,1172222
10,15,1173226
10,15,1173271
10,15,1175283
89,89,1176288
12,12,1176532
46,46,1177655
49,49,1178108
32,32,1178874
46,46,1179678
46,46,1179978
74,95,1180919
6,15,1181670
10,15,1182009
52,93,1183414
10,15,1184255
12,12,1184773
15,6,1185277
10,15,1185608
10,15,1185952
49,49,1186432
10,15,1186473
44,70,1186641
70,44,1186664
10,15,1187358
15,10,1187606
10,15,1187616
10,15,1187920
15,10,1189673
77,77,1190395
76,72,1190463
77,77,1191572
12,12,1191683
3,30,1192511
3,30,1192520
37,37,1193688
46,46,1194077
12,4,1194982
39,4,1195135
58,58,1195295
81,74,1195693
81,74,1196324
15,10,1196401
81,74,1197106
81,76,1198119
15,10,1198596
4,12,1198944
93,77,1199016
52,70,1199119
32,32,1199420
15,10,1200000
15,10,1200344
93,77,1200426
93,77,1200562
15,10,1200867
10,15,1201533
49,80,1201742
15,10,1201753
15,10,1202016
60,5,1202254
12,4,1202295
5,60,1202319
15,10,1202320
39,4,1202690
39,4,1202788
39,4,1203237
39,4,1203293
49,80,1203339
49,80,1203376
20,26,1204822
20,26,1204892
39,4,1204960
32,32,1205079
32,32,1205114
12,12,1205187
93,77,1205584
16,16,1205720
20,26,1205741
16,16,1205743
12,12,1207824
32,32,1208216
37,37,1209895
12,12,1210231
39,4,1211651
39,4,1211663
39,4,1211682
39,4,1212066
32,32,1212198
54,54,1212514
89,89,1213041
54,48,1213077
8,4,1213084
93,77,1214087
10,15,1214205
6,15,1214910
39,4,1215035
75,58,1215391
39,4,1217586
6,15,1217862
87,87,1218536
10,6,1219083
39,4,1219104
60,5,1219222
5,60,1219293
10,15,1219362
15,10,1220398
6,15,1220558
6,15,1220604
15,10,1221364
15,6,1221475
8,4,1221870
10,6,1221889
15,10,1221910
32,32,1222157
15,6,1222490
26,20,1222842
15,10,1222884
26,20,1222905
36,22,1223699
26,20,1223763
15,6,1224164
15,6,1224210
39,4,1224349
8,4,1224722
4,8,1226268
4,23,1226330
6,15,1226332
20,26,1226506
4,8,1227276
40,40,1227281
4,23,1227308
40,40,1227321
40,40,1227334
40,40,1227373
6,10,1229824
15,6,1229942
6,10,1232629
4,8,1232673
89,89,1238243
63,63,1247407
8,4,1251318
99,78,1251395
99,78,1251865
70,98,1252688
77,77,1256877
77,77,1258036
63,63,1259027
12,12,1259391
10,15,1261280
52,70,1261947
54,54,1262025
4,8,1262120
10,15,1262275
10,15,1262419
39,4,1262519
31,4,1264213
52,70,1265350
12,12,1265399
39,4,1266122
39,4,1266489
42,70,1266987
70,42,1267020
97,55,1267247
77,93,1267439
77,77,1268116
37,37,1268421
89,89,1268770
77,93,1268850
77,93,1268985
10,6,1270034
10,15,1270081
42,44,1270798
44,42,1270798
84,66,1272612
84,66,1272669
55,97,1273799
55,97,1273983
54,54,1274024
39,4,1275621
15,10,1275623
5,60,1276093
23,4,1277143
39,4,1277939
81,74,1278486
12,12,1278614
32,32,1278868
27,15,1278917
60,5,1279673
15,10,1280704
15,10,1280737
6,10,1280819
93,77,1280848
10,15,1281054
39,4,1281150
86,72,1281394
93,77,1281855
77,93,1282509
87,87,1283724
37,37,1283735
15,10,1284423
23,4,1285036
23,4,1285038
10,15,1285053
39,4,1285902
77,77,1286153
39,4,1286351
39,4,1286441
99,78,1286939
4,8,1287078
4,8,1287131
10,27,1287555
10,15,1288969
26,20,1289645
71,43,1290623
71,43,1290640
93,77,1291633
10,15,1291643
71,43,1291691
21,26,1292146
4,8,1292380
4,23,1292387
4,23,1292423
4,8,1292432
21,26,1292847
102,103,1293022
15,27,1293313
21,26,1294805
21,26,1294856
87,87,1294943
21,20,1294965
21,26,1294993
39,4,1295056
15,10,1295395
93,77,1295417
8,4,1296657
54,54,1296901
12,12,1297263
54,54,1298722
39,4,1298790
39,4,1299045
8,4,1299169
39,4,1299218
15,10,1299388
8,23,1299538
23,8,1299541
39,4,1299909
77,77,1299931
6,15,1300302
39,4,1300915
39,4,1302079
26,21,1302092
15,10,1303360
15,10,1303868
39,4,1304091
39,4,1305486
15,10,1305984
39,4,1306119
8,23,1306594
26,21,1306595
23,4,1306920
26,21,1307296
4,8,1307465
6,15,1308211
6,15,1308244
6,15,1308330
6,15,1308354
32,32,1309022
26,21,1309416
26,21,1309442
25,63,1309545
4,8,1309977
57,49,1311997
4,23,1317726
23,8,1317823
12,12,1318330
23,8,1319436
23,4,1321517
8,4,1322167
74,81,1331375
4,23,1332325
4,8,1332974
89,89,1336840
63,63,1337949
63,63,1338116
74,81,1344110
54,54,1346487
55,97,1347583
97,55,1347607
61,14,1347648
54,54,1348812
97,55,1349793
10,15,1350874
99,78,1355039
81,74,1356485
81,76,1356533
8,4,1356917
12,12,1357083
96,63,1359775
96,63,1359815
96,63,1359861
54,54,1360440
23,8,1360497
23,8,1360552
8,23,1360553
42,98,1360742
42,98,1360753
42,98,1360817
96,63,1360917
96,63,1360936
15,6,1363664
63,63,1364016
63,63,1364030
63,63,1364403
4,14,1364559
14,4,1364587
15,10,1365216
57,49,1365763
49,57,1365805
54,54,1365989
8,4,1367984
81,74,1369226
14,61,1369285
4,102,1369818
12,12,1369818
21,20,1370666
20,21,1370694
49,57,1371258
32,32,1371560
63,63,1371602
6,15,1372430
6,15,1372484
102,4,1373179
12,12,1373219
6,15,1373232
20,26,1373673
12,12,1373972
23,8,1374083
20,26,1374112
12,12,1374257
87,87,1374997
40,40,1375731
96,63,1376078
15,6,1376238
15,6,1376835
10,15,1377722
10,15,1379003
74,93,1379031
10,15,1379121
74,81,1379789
46,46,1380652
27,15,1380997
74,48,1381193
74,48,1381321
23,8,1383276
8,23,1383280
39,4,1383654
4,23,1383680
84,77,1384110
46,46,1384646
46,46,1384855
84,72,1385706
39,4,1386899
10,6,1387106
15,10,1389453
22,6,1389656
10,6,1390532
39,4,1390568
74,93,1391425
26,20,1391684
15,10,1392114
26,20,1392115
22,6,1392283
23,8,1392452
23,8,1392494
23,8,1392679
40,40,1392825
40,40,1392828
40,40,1392925
40,40,1392989
15,10,1393397
12,12,1393491
15,10,1393515
8,23,1394088
23,8,1394089
4,8,1395285
8,4,1395286
15,27,1395417
39,4,1396202
39,4,1396257
23,4,1397407
23,4,1397749
6,10,1397894
39,4,1398169
6,15,1399253
39,4,1399817
57,49,1399962
15,6,1400191
4,8,1401218
8,4,1401221
6,10,1401314
8,23,1401340
23,8,1401340
93,74,1401423
23,8,1401893
8,23,1401894
93,74,1402048
8,4,1402073
8,4,1402545
39,4,1403081
8,23,1403312
23,8,1403457
8,23,1403461
8,23,1403497
8,4,1403514
8,4,1404054
39,4,1404813
6,15,1405458
23,4,1405959
4,8,1406608
8,4,1406608
39,4,1407996
4,23,1408230
39,4,1408337
4,23,1408560
39,4,1408597
81,74,1408619
15,6,1409073
57,54,1415159
89,89,1418440
87,87,1423924
12,12,1424273
46,46,1424591
54,54,1425427
16,19,1430861
32,32,1432613
32,32,1432641
44,61,1433542
96,63,1434891
32,32,1435256
32,32,1435289
84,72,1436286
61,44,1437192
40,40,1438383
52,66,1438662
20,26,1438962
89,89,1439872
10,6,1440655
10,15,1441462
63,63,1441500
74,81,1441867
10,15,1442031
5,60,1444049
5,60,1444086
6,15,1444281
99,78,1444808
10,15,1445036
10,15,1445057
10,15,1445332
8,23,1445639
23,8,1445639
15,6,1445997
77,77,1446240
10,15,1446369
32,32,1446834
8,4,1446839
15,6,1447883
86,86,1448232
63,63,1448364
39,4,1448675
39,4,1448859
81,76,1448865
81,74,1448939
77,93,1449296
8,60,1450450
6,10,1450494
54,54,1450520
6,10,1450592
54,54,1450676
63,63,1450959
12,12,1450974
74,93,1450976
6,15,1451333
6,10,1451388
32,32,1451452
6,15,1452319
42,44,1453096
4,102,1453183
8,60,1453687
12,12,1453850
11,8,1454030
39,4,1454507
39,4,1454574
52,66,1454595
87,87,1454779
52,66,1454824
39,4,1454851
42,44,1455093
19,16,1455622
15,6,1455739
15,10,1455801
15,6,1455849
15,6,1455924
26,20,1456023
87,87,1456342
15,10,1456376
102,4,1456544
26,20,1456977
57,54,1457115
37,37,1457207
11,8,1457268
8,4,1457564
77,77,1457564
4,8,1457639
8,4,1458922
8,4,1459224
15,10,1459376
15,10,1459396
15,10,1459671
89,89,1459746
93,77,1460116
74,77,1461770
10,15,1463152
12,12,1463201
93,77,1463627
4,8,1464507
4,23,1464546
77,77,1464644
87,87,1464840
8,60,1465219
63,63,1465247
63,63,1465273
93,74,1465284
63,63,1465307
81,74,1466978
8,4,1467048
4,8,1467051
8,60,1467292
4,8,1468366
11,8,1468799
84,77,1468904
23,4,1468982
23,8,1469013
8,23,1469014
54,54,1469504
23,8,1469547
8,23,1469551
4,8,1469728
4,8,1470028
39,4,1470082
4,23,1470355
23,4,1470356
11,8,1470875
39,4,1470995
96,63,1471274
54,54,1471626
77,77,1471856
44,14,1472122
23,8,1474706
8,23,1474710
23,4,1475359
4,23,1475371
15,10,1476675
15,10,1477486
8,23,1477924
23,8,1477924
39,4,1480367
6,15,1481469
6,15,1481837
76,54,1482641
26,20,1482680
76,81,1482736
81,76,1482737
81,74,1483395
39,4,1484389
81,74,1484705
91,4,1485623
91,4,1485651
81,74,1486184
39,4,1486463
87,87,1487790
8,4,1489824
24,6,1490579
6,15,1490947
12,12,1491852
24,6,1492738
24,6,1492809
24,6,1492894
39,4,1493110
24,6,1493129
24,6,1493305
24,6,1493599
24,6,1493738
15,6,1494542
8,4,1498594
8,23,1498669
8,23,1498682
23,8,1498684
46,46,1499324
54,54,1499517
4,8,1500632
4,8,1501661
63,63,1502917
89,89,1504222
12,12,1504537
54,54,1504870
77,77,1505982
52,93,1508604
89,89,1509193
74,76,1510239
74,81,1510311
54,54,1510351
39,4,1515620
12,12,1518236
12,12,1518590
74,81,1519620
74,76,1519628
55,97,1520241
12,12,1521067
97,98,1522962
89,89,1523561
97,98,1523652
37,37,1525209
54,54,1526562
77,77,1526733
12,12,1528245
6,15,1528901
89,89,1528964
10,15,1529420
10,15,1530361
77,77,1531067
37,37,1531369
10,15,1532075
77,93,1532171
93,77,1532458
15,6,1532499
63,63,1532821
63,63,1532867
63,63,1533035
54,54,1533087
39,4,1533325
39,4,1533421
6,15,1533890
87,87,1534591
6,15,1535394
6,15,1535636
63,63,1536771
15,6,1537485
15,6,1538988
15,6,1539231
39,4,1539306
44,44,1540190
44,44,1540196
10,6,1540375
14,44,1540550
14,44,1540596
70,98,1540688
74,81,1541091
23,8,1541711
8,23,1541713
81,76,1541987
12,12,1542253
74,81,1542400
4,104,1542518
54,54,1543099
74,81,1543882
44,98,1543955
77,77,1544193
77,77,1544221
79,79,1544880
81,76,1545391
76,81,1545397
32,32,1545800
63,63,1545868
12,12,1546374
93,77,1546505
12,4,1546584
32,32,1547523
20,26,1548788
23,8,1548979
8,23,1548981
77,77,1549398
10,15,1549437
12,12,1549483
4,104,1549662
87,87,1549967
87,87,1549981
91,4,1550140
8,23,1550519
23,8,1550878
6,10,1551113
23,8,1551668
54,54,1551924
39,4,1552656
23,60,1552686
87,87,1552712
54,54,1552753
23,8,1552967
23,8,1552988
77,93,1553299
57,49,1553688
49,57,1553717
23,8,1554589
23,60,1554727
6,10,1555066
6,15,1555130
88,88,1555259
12,12,1555636
60,23,1556292
39,4,1556630
87,87,1556902
12,12,1556909
39,4,1556924
6,15,1557196
6,15,1557994
11,23,1558308
15,6,1558739
6,15,1561515
6,15,1561614
6,15,1561632
6,15,1561639
6,15,1562116
6,15,1562699
57,56,1562817
26,20,1563205
4,8,1563332
15,10,1563771
15,10,1564465
39,4,1564992
57,56,1565078
15,6,1565243
15,6,1565721
15,10,1565769
15,6,1566311
6,15,1566846
93,77,1567627
12,12,1569852
39,4,1570267
4,12,1571939
87,87,1573141
65,65,1573515
8,4,1574072
8,4,1574144
39,4,1575362
96,63,1576379
6,15,1583341
84,77,1592350
12,12,1593639
63,63,1593963
63,63,1594096
63,63,1594120
63,63,1597109
77,93,1597918
12,12,1597933
84,77,1597972
77,93,1602719
32,32,1603988
54,54,1605112
10,27,1607311
12,12,1607534
10,15,1607576
36,22,1608735
89,89,1609134
77,84,1610282
77,84,1610600
77,93,1611271
93,77,1612252
77,93,1613963
88,88,1614418
88,88,1614465
23,5,1615357
93,77,1615379
42,97,1615395
5,23,1615422
97,42,1615442
46,46,1616065
44,42,1616076
42,44,1616078
93,77,1617056
74,93,1618888
54,54,1619034
77,93,1619592
10,15,1619850
42,44,1620070
44,14,1620246
42,97,1620911
97,42,1620954
74,93,1621275
77,93,1621889
89,89,1622866
15,10,1623383
77,77,1624925
77,93,1625002
15,10,1625110
93,77,1625618
54,54,1626716
77,77,1627323
49,80,1628022
54,54,1628112
93,77,1628160
12,12,1628308
63,63,1628831
10,15,1628866
5,60,1629513
63,63,1629744
23,8,1630123
8,23,1630131
6,15,1630725
63,63,1631233
63,63,1631349
76,72,1631506
32,32,1631968
60,5,1633093
93,74,1633198
63,63,1633836
93,77,1633926
25,63,1634332
32,32,1634594
93,74,1635560
93,74,1635575
10,27,1635717
93,77,1636199
93,77,1636344
27,15,1636378
27,15,1636462
27,15,1638666
27,15,1638710
27,15,1638912
93,77,1639335
5,60,1639459
4,12,1639669
63,63,1639759
5,60,1639773
63,63,1639777
8,30,1640443
27,15,1640637
23,8,1640652
93,77,1642315
12,12,1642441
12,4,1643028
60,5,1643044
11,5,1643127
60,5,1643357
10,15,1643671
10,15,1643738
10,6,1643771
10,6,1643828
24,6,1643905
93,77,1644617
60,5,1644831
12,12,1645277
14,44,1645518
39,4,1645779
39,4,1646029
20,26,1646044
77,77,1646606
39,4,1646653
93,77,1647788
8,23,1648333
23,8,1648334
4,23,1648442
23,4,1648537
8,4,1648543
23,4,1648568
8,23,1648595
23,8,1648596
23,4,1648630
8,4,1648673
23,4,1649213
23,4,1649453
6,15,1649575
15,27,1649974
8,4,1651365
8,4,1651393
8,4,1651517
15,27,1653052
15,27,1653076
15,27,1653323
6,10,1654563
6,10,1654618
15,27,1655048
23,8,1656731
23,8,1657051
8,23,1657052
15,10,1657406
15,10,1658063
15,10,1658128
6,15,1658573
4,8,1659323
4,23,1659329
4,23,1659381
4,23,1659436
4,8,1659479
4,23,1660020
4,23,1660210
4,23,1660261
8,23,1660710
23,8,1660711
15,6,1662176
4,8,1662322
26,20,1664058
39,4,1665054
6,15,1665930
54,54,1673230
54,54,1675573
54,54,1675594
63,63,1676767
77,84,1678655
44,44,1688429
70,98,1692207
88,88,1694146
77,77,1694810
20,26,1694853
88,88,1695136
54,54,1695156
88,88,1695315
89,89,1697425
12,12,1699374
55,97,1700116
77,77,1700563
97,55,1701065
55,97,1701081
55,97,1701094
97,55,1701123
97,55,1701135
55,97,1701146
55,97,1701199
97,55,1701217
97,55,1701241
39,4,1701732
12,12,1701864
55,97,1702037
97,55,1702078
54,54,1702294
5,60,1704617
37,37,1705374
32,32,1706850
12,12,1707829
60,5,1708205
54,54,1708942
6,15,1708985
89,89,1709435
70,98,1710091
6,22,1711795
4,8,1711947
42,44,1711955
42,44,1711999
4,23,1712318
4,23,1712382
42,44,1712400
44,42,1712414
42,44,1713151
42,44,1713183
42,44,1713306
99,78,1713605
44,42,1713886
42,44,1713894
32,32,1714156
6,15,1714390
6,22,1714423
44,42,1714581
42,44,1714589
77,93,1716216
81,76,1716481
12,12,1716924
32,32,1717681
32,32,1717784
11,5,1717934
32,32,1718154
81,76,1718187
40,40,1718827
40,40,1718845
54,54,1719689
96,63,1720306
8,30,1720764
8,30,1720776
8,30,1720832
8,30,1720923
10,15,1721228
51,44,1721573
23,4,1722812
23,8,1722983
23,5,1723877
5,23,1723938
39,4,1725167
39,4,1725274
20,26,1725485
39,4,1725790
8,82,1726768
32,32,1727186
8,23,1727842
23,8,1727844
4,31,1728508
4,31,1728648
4,31,1729556
23,60,1730005
8,60,1730129
8,23,1730180
23,8,1730184
39,4,1730197
39,4,1730293
39,4,1730294
12,12,1730510
12,12,1730623
42,44,1731092
42,44,1731283
12,12,1731379
11,23,1732175
27,15,1733220
11,23,1733586
8,60,1733660
11,8,1733714
8,60,1734556
23,5,1734977
5,23,1735037
6,22,1735152
39,4,1735419
87,87,1735471
15,10,1735566
11,8,1737249
23,4,1737348
11,8,1738137
5,23,1738350
8,4,1739137
32,32,1741593
4,31,1741658
23,4,1742544
10,6,1742683
23,4,1742773
23,4,1742897
5,23,1743079
23,4,1743280
6,15,1743334
26,20,1743509
23,60,1743648
23,8,1744029
8,23,1744034
39,4,1744338
8,23,1744675
39,4,1744681
8,4,1745030
8,4,1745073
5,23,1745095
8,23,1745120
23,8,1745156
23,8,1745191
8,23,1745748
8,23,1745775
8,23,1745840
23,60,1745909
8,4,1745936
23,8,1746008
23,8,1746521
8,23,1746523
23,8,1746875
15,6,1746932
11,23,1747232
8,23,1747507
15,27,1747640
11,23,1749493
4,8,1749955
11,8,1751395
4,8,1753411
6,10,1753430
4,23,1753705
4,23,1753915
4,8,1753967
4,8,1756744
54,54,1763022
32,32,1765754
42,54,1767940
54,54,1767976
54,54,1768261
42,48,1769007
42,44,1774969
70,98,1776158
27,10,1777212
10,27,1777242
49,57,1778771
74,76,1779357
12,12,1780557
54,54,1782139
54,54,1782379
89,89,1782463
32,32,1783693
32,32,1783726
12,12,1783850
37,37,1784930
46,46,1785956
42,44,1786979
54,54,1787632
39,4,1787840
54,48,1788292
54,48,1788328
10,15,1789132
19,16,1789527
12,12,1789614
77,77,1789924
10,15,1790003
10,15,1790060
10,15,1790072
19,16,1790481
74,76,1790545
96,63,1790562
63,63,1792093
96,63,1792255
20,26,1792501
96,63,1792674
54,54,1793316
10,15,1793320
96,63,1793527
96,63,1793693
96,63,1794196
54,54,1794929
61,14,1795194
61,14,1795210
61,14,1795274
51,61,1795675
77,77,1795913
77,77,1796115
63,63,1796371
96,63,1797012
39,4,1797176
26,20,1797341
63,63,1797957
12,12,1798296
46,46,1799113
93,77,1800600
12,12,1800652
42,44,1800930
42,44,1801027
42,44,1801063
97,98,1801204
42,44,1801442
70,98,1801599
23,5,1801752
4,8,1801825
42,44,1802142
42,44,1802536
44,42,1802695
42,44,1802698
15,10,1803522
11,5,1803839
11,5,1803875
42,44,1803901
76,74,1804249
77,77,1804252
12,4,1804263
15,10,1804397
15,10,1804452
15,10,1804464
37,37,1804476
67,30,1804862
46,46,1805154
42,44,1805246
32,32,1805248
76,72,1805479
8,23,1806509
26,20,1806685
12,12,1807307
57,49,1807478
23,8,1809064
10,15,1809171
10,15,1810707
23,8,1811048
39,4,1811613
93,77,1812070
6,15,1812200
93,77,1812570
39,4,1812693
32,32,1813084
23,4,1813919
93,77,1814507
84,48,1814509
39,4,1814552
42,44,1814648
89,89,1814681
39,4,1814901
8,23,1814997
23,8,1814997
46,46,1815795
97,98,1815936
76,74,1816107
8,23,1816265
23,8,1816267
39,4,1817390
39,4,1817540
4,8,1818667
57,54,1818696
39,4,1818780
12,12,1819020
96,63,1820136
96,63,1820195
96,63,1820219
14,61,1820228
14,61,1820235
14,61,1820295
23,8,1821099
8,23,1821104
23,4,1821314
23,4,1821348
4,8,1821612
39,4,1822318
87,87,1822653
15,10,1823504
20,26,1823709
39,4,1823950
4,23,1824724
15,10,1825044
32,32,1827724
6,15,1829593
39,4,1830105
6,15,1831585
6,12,1831612
4,23,1832144
4,23,1832159
6,12,1835768
26,20,1838131
57,49,1840814
57,49,1840854
6,12,1840887
6,12,1841402
6,12,1842594
6,12,1843598
54,54,1847792
42,44,1848956
44,42,1848963
55,97,1849050
97,55,1849093
84,48,1849528
84,48,1849578
84,48,1849658
84,48,1849824
84,48,1849982
84,48,1850176
6,12,1851112
77,84,1855398
49,80,1856323
77,84,1856568
44,42,1856911
42,44,1856917
12,12,1864506
12,12,1864543
89,89,1864812
13,4,1865870
39,4,1866871
77,93,1869020
32,32,1873330
10,15,1874492
54,54,1875105
13,4,1876301
13,4,1876618
13,4,1876664
57,49,1877002
10,15,1877295
54,54,1878007
13,8,1879058
61,97,1879969
97,61,1879977
77,93,1880494
77,93,1880993
74,81,1881025
89,89,1881202
46,46,1881322
46,46,1881359
74,76,1881386
74,81,1881401
74,81,1881447
42,44,1881540
10,6,1881967
10,6,1882183
10,6,1882347
32,32,1882823
77,93,1882921
84,48,1883004
84,48,1883056
10,6,1884033
10,6,1884172
12,12,1884665
12,12,1885277
57,54,1885792
23,8,1885848
54,54,1885925
63,63,1887342
44,42,1887965
42,44,1887969
54,48,1888016
54,48,1888084
37,68,1889017
37,68,1889072
89,89,1889434
97,98,1889660
97,98,1889697
87,87,1889802
87,87,1889815
87,87,1889831
87,87,1889847
87,87,1889875
87,87,1890146
97,98,1891314
39,4,1891587
46,46,1892197
6,10,1892618
6,10,1892850
10,15,1892854
10,15,1892954
6,10,1892994
10,15,1894395
39,4,1894533
6,10,1894688
6,10,1894826
46,46,1895187
12,12,1895436
32,32,1895709
54,54,1895934
10,15,1896422
44,42,1896760
42,44,1896763
10,15,1896871
5,60,1897174
4,8,1898289
11,5,1898970
46,46,1900404
46,46,1900870
11,5,1900883
5,60,1900945
5,60,1901003
54,48,1901101
4,23,1901738
54,54,1901874
4,23,1902808
40,40,1903264
54,54,1903355
40,40,1904554
40,40,1904732
40,40,1904759
27,15,1905317
27,15,1905382
12,12,1905387
81,76,1905811
76,81,1905829
81,76,1905858
81,74,1905908
81,74,1906064
81,74,1906091
81,74,1906136
81,74,1906277
81,74,1906325
76,81,1906462
76,81,1906516
15,10,1906613
39,4,1906986
76,81,1908164
15,10,1908335
15,10,1908786
15,10,1910697
15,10,1910768
15,10,1911217
60,5,1911448
5,60,1911514
39,4,1912174
39,4,1912363
96,5,1913245
32,32,1913689
5,60,1917598
39,4,1921232
32,32,1924777
8,23,1925553
23,8,1925554
39,4,1926340
39,4,1927425
39,4,1927542
87,87,1931974
42,44,1933665
63,63,1933859
42,44,1933946
44,42,1933951
12,12,1934525
12,12,1943408
52,66,1951410
63,63,1951470
27,15,1952061
74,95,1952274
74,95,1952306
74,95,1952320
81,74,1952675
100,57,1952811
100,57,1952830
12,12,1953078
52,93,1953186
52,93,1953221
63,63,1953504
39,4,1953540
6,22,1953634
39,4,1953703
96,63,1954101
5,60,1954396
5,60,1954405
89,89,1954877
22,6,1957268
100,70,1957651
100,70,1957676
52,70,1958075
51,61,1958397
61,14,1958413
12,12,1960047
23,8,1960334
8,23,1960337
42,44,1960509
44,42,1960529
12,12,1961150
22,6,1961894
6,22,1961900
22,6,1962595
6,22,1962605
6,22,1962644
22,6,1962654
11,5,1962830
22,6,1962919
6,22,1962926
12,12,1963389
77,93,1963897
32,32,1964373
63,63,1964627
57,93,1964714
100,57,1964770
77,77,1964903
97,98,1965294
77,93,1966138
15,27,1966464
15,10,1966548
57,49,1967074
96,63,1967090
49,57,1967104
10,15,1967246
96,63,1967253
32,32,1967405
10,15,1967431
57,49,1967846
49,57,1967877
97,42,1968910
96,63,1968916
12,12,1971561
12,12,1971587
8,23,1971598
23,8,1971601
12,12,1971700
12,12,1972536
74,76,1972587
10,15,1973149
6,22,1973952
10,15,1974418
10,15,1975331
42,44,1975436
15,6,1975492
40,78,1975937
32,32,1976364
10,15,1976498
6,22,1976544
15,10,1976749
13,8,1977473
87,87,1977826
10,15,1977870
10,15,1977886
10,15,1978000
15,10,1978018
93,77,1978225
4,23,1978624
13,8,1979631
93,77,1980462
13,8,1981822
23,8,1982159
23,4,1982227
52,80,1982316
54,54,1982396
6,15,1982450
10,15,1982856
52,80,1982952
63,63,1982953
52,80,1983054
39,4,1983068
20,26,1983136
12,12,1983208
12,12,1983283
52,80,1983326
52,80,1983463
13,8,1983654
8,23,1984015
23,8,1984020
32,32,1984866
10,15,1987332
54,54,1987566
54,54,1988271
12,12,1988795
46,46,1989016
15,10,1989670
10,15,1989887
38,38,1989916
38,38,1989932
8,23,1990055
12,12,1990267
15,10,1990832
78,78,1991901
27,10,1992370
10,27,1992401
10,6,1992727
56,97,1993479
8,23,1993614
8,23,1993954
23,8,1993956
23,5,1994372
32,32,1994394
5,23,1994429
23,5,1994536
39,4,1995377
39,4,1995464
39,4,1995536
23,5,1995678
39,4,1995722
5,23,1995748
77,77,1996086
23,5,1996642
5,23,1996710
8,23,1997100
15,10,1997201
15,6,1997361
8,23,1997541
23,8,1997542
23,8,1997844
8,23,1997956
23,8,1997957
8,23,1999299
23,8,1999305
4,23,1999776
15,6,1999865
23,8,2000428
8,23,2000429
26,20,2001150
15,10,2001668
101,90,2002694
101,90,2003328
15,10,2004228
26,20,2007178
26,20,2007265
8,23,2008332
26,20,2008653
8,23,2009360
23,8,2009368
54,54,2009551
8,4,2010211
8,23,2010600
23,8,2010608
8,23,2010615
23,8,2010622
101,90,2011360
54,54,2018112
46,46,2018771
12,12,2018879
54,54,2026964
77,93,2027138
10,15,2034883
10,15,2034925
54,54,2035478
10,15,2036991
12,12,2037764
15,10,2038479
15,10,2038521
96,63,2039231
70,97,2039272
97,70,2039279
15,10,2040583
77,77,2040740
77,77,2040812
97,55,2040880
55,97,2040995
97,55,2041025
93,77,2041468
10,15,2042168
12,12,2045848
81,74,2046035
96,63,2046620
96,63,2046770
10,15,2049035
23,8,2049598
77,93,2049751
100,77,2049771
77,93,2049932
100,77,2049977
77,77,2050607
10,6,2050765
77,77,2051161
42,44,2052895
23,8,2055308
8,23,2055310
32,32,2055919
12,12,2056067
77,77,2056072
54,54,2056117
15,10,2056507
10,15,2056745
10,15,2057098
10,15,2057150
10,15,2057185
10,15,2057225
10,6,2057822
10,15,2058469
12,4,2059240
6,15,2059355
10,6,2059799
54,54,2060148
10,6,2060395
15,10,2063373
40,40,2063546
40,40,2063564
40,40,2063585
8,30,2065335
39,4,2066094
8,30,2067887
6,10,2068379
10,15,2068897
12,12,2069711
87,87,2069836
4,12,2070187
6,10,2070362
46,46,2071366
46,46,2071375
46,46,2071382
46,46,2071404
46,46,2071461
70,72,2071866
12,12,2072257
15,10,2072500
81,76,2073645
39,4,2075190
39,4,2075307
37,37,2075555
20,26,2075905
39,4,2076320
20,26,2076399
8,23,2077525
39,4,2078136
12,12,2079632
23,8,2080518
8,23,2080525
39,4,2080937
32,32,2082462
39,4,2082709
4,4,2085414
6,22,2088196
26,20,2089100
26,20,2089139
6,22,2089532
26,20,2090581
87,87,2091176
6,22,2091563
39,4,2094864
4,102,2095782
4,102,2096444
102,4,2099609
102,4,2100552
102,4,2100677
57,80,2102534
81,74,2104162
12,12,2107745
36,5,2114983
36,5,2120400
42,48,2120700
54,48,2120757
54,54,2120848
10,15,2121123
39,4,2121635
12,12,2122808
12,12,2124940
74,76,2126180
74,76,2126199
74,76,2126251
32,32,2127227
12,12,2127482
27,10,2127949
10,27,2127980
42,48,2128419
12,12,2129133
89,89,2131182
39,4,2131442
39,4,2131444
39,4,2131445
6,91,2134672
89,89,2135201
15,10,2135461
12,12,2136222
54,54,2140945
23,60,2143766
84,77,2145341
102,102,2145737
77,77,2145838
12,12,2146154
27,15,2146307
54,54,2146687
19,16,2148726
23,8,2148759
23,8,2148803
87,87,2149074
10,15,2149405
10,15,2149637
15,27,2149947
4,60,2150170
27,15,2150729
81,74,2151254
23,8,2151973
8,23,2151974
4,60,2152560
12,12,2153233
10,15,2153315
27,15,2153474
8,23,2153680
23,8,2153682
10,6,2153850
10,6,2153896
8,23,2153953
23,8,2153955
15,27,2154377
12,12,2155183
42,44,2155194
44,42,2155209
77,77,2155379
12,12,2155847
77,77,2156560
8,23,2156811
8,23,2159647
8,23,2159703
42,44,2160556
91,6,2161466
39,4,2163809
6,10,2164636
10,6,2165689
15,10,2167651
39,4,2170827
39,4,2170892
39,4,2172312
23,8,2172697
8,23,2172699
23,8,2174455
23,8,2174861
8,23,2174866
39,4,2175790
39,4,2176032
6,10,2176295
39,4,2176300
6,10,2176318
6,10,2176349
6,10,2176428
87,87,2176736
6,15,2182656
12,12,2183215
12,12,2185177
32,32,2189974
39,4,2197838
54,54,2206966
54,54,2207706
10,15,2208597
10,15,2209557
39,4,2209937
10,27,2210056
10,15,2210136
10,15,2210361
27,10,2210387
10,27,2210415
10,6,2210465
10,6,2210868
39,4,2210885
39,4,2210989
27,15,2211302
10,15,2211362
10,15,2211489
8,23,2211786
23,8,2211829
8,23,2211832
15,10,2212195
15,10,2213739
15,27,2214934
15,10,2215058
15,10,2215086
12,12,2215597
12,12,2216515
77,77,2217496
19,19,2219199
5,26,2220206
19,19,2220574
19,19,2220587
19,19,2220622
19,19,2220628
27,10,2220651
27,10,2220676
10,27,2220679
10,27,2220705
27,10,2220809
10,27,2220838
12,12,2220844
8,23,2220894
23,8,2220894
6,10,2221013
6,10,2221426
96,63,2221695
37,37,2222076
23,8,2222145
63,63,2222722
96,63,2223913
12,12,2224431
15,10,2224695
54,54,2225163
54,54,2225309
10,15,2226045
55,97,2226289
55,97,2226321
55,97,2226351
97,55,2226367
97,55,2226396
10,15,2226646
10,15,2226658
10,15,2226688
77,93,2228944
77,77,2229508
77,77,2229527
77,77,2229570
77,77,2229604
77,77,2229623
77,77,2229636
77,77,2229751
77,77,2229757
77,77,2229775
77,77,2229783
77,77,2229787
6,91,2229889
8,23,2229966
23,8,2229969
77,77,2230092
54,54,2230560
23,8,2230607
8,23,2230617
77,77,2230804
96,63,2231283
12,12,2231783
12,12,2231819
10,15,2232189
5,60,2232916
42,44,2235813
10,27,2236379
89,89,2237505
89,89,2237579
23,60,2238118
12,12,2238283
15,27,2238997
15,27,2239089
23,8,2239109
8,23,2239112
87,87,2239247
23,8,2239259
8,23,2239262
15,6,2239775
15,6,2239922
93,77,2240371
93,77,2240874
25,63,2241042
11,23,2241697
106,23,2241697
23,4,2242163
96,63,2242565
23,4,2243351
10,15,2243987
10,15,2244014
5,60,2245742
5,60,2245754
23,4,2246905
23,4,2246947
6,15,2247134
12,12,2247257
83,5,2247269
23,4,2247453
10,15,2248007
51,61,2248258
61,14,2248289
83,5,2248515
83,5,2248636
11,5,2249275
106,5,2249275
54,54,2249533
6,15,2249805
6,15,2249964
23,8,2250150
8,23,2250157
39,4,2250321
10,6,2250341
23,4,2250385
6,15,2250683
23,4,2250706
15,10,2251177
15,10,2251219
10,15,2251570
10,15,2251682
10,6,2252733
4,23,2253938
15,10,2254280
15,10,2254334
6,22,2254816
15,6,2255059
6,22,2255217
39,4,2255810
39,4,2257469
21,21,2257584
4,23,2258027
39,4,2259577
4,23,2260963
4,23,2261283
6,10,2263470
39,4,2265018
6,15,2265226
6,22,2265457
6,15,2268335
15,6,2268830
15,6,2271938
4,12,2274475
4,12,2276486
63,63,2278637
12,12,2279488
51,61,2282705
61,14,2282735
70,98,2288311
12,12,2288442
97,98,2289451
96,63,2294600
77,77,2295125
97,98,2295842
32,32,2296206
54,54,2296216
42,44,2297213
96,63,2298423
54,54,2298440
54,54,2299976
10,15,2301473
20,26,2301658
96,63,2302547
10,15,2303030
42,44,2303185
10,15,2303958
5,83,2304997
5,83,2305028
15,10,2305206
15,10,2305549
87,87,2306381
5,83,2306396
10,15,2306529
61,14,2306708
61,14,2306970
61,14,2306976
61,14,2307023
89,89,2307312
10,6,2308067
12,12,2308747
42,44,2310003
54,54,2312451
10,6,2312527
52,93,2312671
12,12,2313056
42,70,2313155
70,42,2313225
6,10,2313791
14,61,2314000
20,26,2314081
54,54,2315178
23,8,2315262
10,15,2315633
44,44,2317459
6,10,2318805
15,10,2319235
12,12,2319609
44,42,2319609
12,12,2320014
12,12,2320127
5,60,2320413
32,32,2320678
12,12,2321080
39,4,2321363
12,12,2321387
12,12,2321503
12,12,2321510
39,4,2321818
39,4,2321919
12,12,2322254
40,40,2322468
77,77,2322506
39,4,2322966
6,10,2323087
11,5,2323927
39,4,2324134
54,54,2324157
12,12,2324294
12,12,2324332
10,15,2324395
39,4,2324571
12,12,2324602
6,15,2325147
23,8,2325375
12,12,2325696
87,87,2325872
77,77,2325923
12,12,2326257
77,77,2326329
77,93,2326411
77,77,2326433
57,49,2326434
15,6,2326448
99,78,2326692
57,49,2327076
87,87,2327141
87,87,2327157
61,14,2327949
61,14,2328614
37,37,2329002
87,87,2329489
8,23,2330921
8,23,2330940
26,20,2332099
32,32,2332154
32,32,2332696
8,30,2332912
39,4,2333475
39,4,2334206
8,23,2334364
39,4,2335282
39,4,2335321
23,8,2335586
8,23,2336187
15,10,2337307
15,10,2337377
42,44,2337519
8,23,2338276
23,8,2338281
87,87,2338308
8,23,2338416
23,8,2338420
15,10,2338729
23,4,2338832
8,23,2338901
23,8,2338910
10,6,2339327
93,77,2340692
23,4,2341041
93,77,2341277
32,32,2342529
23,60,2342867
12,12,2343206
87,87,2343773
32,32,2345182
4,12,2346400
11,23,2346444
106,23,2346444
81,76,2348943
4,23,2349631
6,15,2350349
23,4,2350930
4,23,2351846
4,12,2353239
23,4,2353773
15,6,2353952
39,4,2354050
39,4,2354270
23,4,2354352
4,23,2361223
4,8,2361286
4,8,2361606
4,23,2361732
4,23,2364591
4,23,2365149
12,12,2371378
89,89,2374858
14,44,2375703
51,44,2375703
44,14,2375712
89,89,2375794
63,63,2380476
39,4,2382112
54,54,2384280
10,6,2384323
12,4,2386328
12,12,2386343
20,26,2386350
14,44,2386803
51,44,2386803
44,14,2386811
12,4,2387268
12,4,2387378
39,4,2389001
39,4,2389109
97,98,2389897
42,70,2390042
42,70,2390180
42,70,2390207
42,44,2390579
44,42,2390586
44,42,2391223
23,60,2391691
54,54,2393036
12,12,2394093
77,93,2394120
20,26,2394241
12,12,2394467
11,23,2395270
8,23,2396074
12,104,2396461
12,12,2396856
10,15,2397276
77,77,2397949
39,4,2400051
10,15,2400619
5,23,2400756
5,23,2400797
10,15,2400922
5,8,2401513
39,4,2402251
39,4,2402477
39,4,2402527
39,4,2402683
8,23,2403161
10,15,2403301
4,12,2403714
12,104,2404308
26,20,2404364
54,54,2404712
42,48,2404726
70,98,2405403
10,15,2406726
10,15,2407017
8,23,2407085
42,44,2409141
89,89,2409233
54,54,2409382
10,15,2409572
25,63,2409971
77,77,2410978
77,77,2410998
15,10,2411437
10,15,2411640
93,77,2412105
4,12,2412124
4,12,2412191
26,20,2412254
12,12,2412348
4,12,2412416
49,57,2412674
37,37,2413070
10,15,2413987
10,15,2414013
10,15,2414498
15,10,2414578
15,10,2414775
63,63,2415046
15,10,2415084
12,12,2416328
39,4,2417151
57,49,2417242
49,57,2417271
15,10,2417460
39,4,2417593
4,8,2417734
44,42,2418150
84,48,2418210
54,54,2418608
54,54,2419204
70,98,2419211
44,42,2419250
10,15,2419637
70,98,2419960
44,42,2420351
12,12,2420503
10,15,2420847
23,8,2420849
5,23,2420882
23,5,2420887
46,46,2421276
10,15,2421959
10,15,2421987
44,14,2422328
70,98,2422671
42,70,2423495
15,10,2423914
23,8,2425487
8,23,2425492
11,5,2425777
10,6,2425796
5,60,2425895
4,8,2426430
4,8,2426780
10,6,2428088
15,10,2428319
15,10,2428348
10,6,2428736
15,10,2428842
8,23,2429587
23,8,2429608
57,49,2430439
57,49,2430458
39,4,2430738
6,15,2432874
8,23,2433543
10,15,2433553
23,8,2433579
39,4,2433697
42,44,2436067
4,8,2436123
4,8,2436154
15,10,2436294
15,10,2436322
15,6,2436460
15,6,2436477
6,10,2436529
4,8,2437088
42,44,2437165
39,4,2437572
39,4,2438335
6,10,2438824
39,4,2439621
39,4,2439753
87,87,2440395
57,49,2441153
39,4,2442554
46,46,2445262
39,4,2446196
42,44,2455369
44,42,2455386
52,93,2456969
52,93,2457364
89,89,2460119
12,12,2461369
44,14,2461441
10,15,2462337
10,6,2466717
77,77,2466887
54,54,2466966
54,54,2467035
74,81,2467303
42,54,2467349
54,42,2467499
54,48,2467643
97,44,2468396
77,77,2468611
12,12,2469218
35,15,2470513
46,46,2470963
74,93,2471206
44,14,2472220
96,63,2473224
11,5,2473522
5,60,2473641
52,70,2473832
77,77,2475073
15,10,2476486
15,10,2476678
15,10,2477178
6,10,2477276
89,89,2477730
57,49,2477736
40,40,2477792
15,10,2478386
70,98,2481380
42,44,2481463
46,46,2481704
46,46,2481771
70,98,2482021
70,98,2482223
89,89,2482413
77,77,2482935
70,98,2483031
54,54,2483189
63,63,2483794
96,63,2484425
63,63,2484504
77,77,2484828
70,98,2484981
12,12,2485159
12,12,2485409
93,74,2485479
70,98,2485608
10,15,2486252
14,44,2486337
10,15,2487376
32,32,2487503
54,54,2487796
12,12,2488254
103,101,2489108
8,23,2489299
39,4,2490003
8,23,2490050
14,44,2490431
12,12,2490464
10,15,2490747
91,6,2490844
91,6,2491569
39,4,2491744
39,4,2491826
8,30,2492907
87,87,2492911
37,37,2493530
8,23,2493544
8,23,2493891
36,22,2493913
54,54,2493933
57,49,2494105
57,49,2494219
36,22,2494558
57,49,2494847
76,74,2494969
8,23,2495400
70,97,2495664
23,60,2495683
12,12,2495896
12,12,2497043
14,44,2497115
14,44,2497158
71,43,2497407
39,4,2498153
12,12,2498167
8,23,2498387
12,12,2498443
81,74,2498526
10,15,2498711
10,27,2498803
8,23,2499251
11,23,2499261
106,23,2499261
39,4,2499377
8,23,2499558
15,10,2500554
15,10,2500592
81,76,2500866
8,23,2500945
12,12,2501537
15,10,2501717
101,103,2503120
93,74,2503296
10,15,2506727
63,63,2507657
39,4,2508046
39,4,2508109
10,15,2508307
39,4,2508693
6,15,2508905
77,77,2509114
39,4,2512068
39,4,2512168
39,4,2512460
15,6,2512505
15,10,2512604
15,10,2512872
39,4,2513928
25,63,2514202
39,4,2514202
6,15,2514415
23,4,2514774
39,4,2514886
6,91,2516062
39,4,2516228
23,8,2516567
23,8,2516578
23,8,2516598
6,91,2516781
23,4,2516863
15,6,2518016
8,23,2518136
8,23,2518229
8,23,2518432
6,91,2519556
8,23,2520058
8,23,2520084
15,10,2521065
39,4,2522163
39,4,2522841
4,23,2525347
4,23,2527655
6,15,2529990
6,15,2530083
6,15,2530158
6,15,2530225
15,6,2533606
15,6,2533680
15,6,2533774
15,6,2533823
74,95,2535818
74,95,2537759
70,97,2541476
70,98,2548251
77,77,2548597
39,4,2552619
39,4,2552622
12,12,2552840
12,12,2553270
10,15,2553273
12,12,2553349
77,84,2553492
70,93,2554185
54,48,2554478
54,54,2555048
10,15,2555066
52,95,2555640
52,95,2555862
52,70,2558164
54,54,2558304
10,6,2558604
10,6,2560165
52,70,2560298
10,6,2560312
52,70,2560561
77,77,2560715
27,10,2560814
10,27,2560885
23,4,2561719
46,46,2562740
36,22,2562975
52,48,2563090
36,22,2564175
23,4,2564381
36,22,2564503
89,89,2564897
12,12,2565234
89,89,2565400
40,78,2566472
84,77,2567966
77,84,2568097
57,49,2568253
49,57,2568282
57,49,2568296
49,57,2568325
46,46,2568841
15,10,2569407
63,63,2569697
54,54,2569997
89,89,2570525
4,8,2570858
87,87,2571023
6,10,2571047
4,8,2571851
4,23,2571925
4,23,2572515
63,63,2573775
78,40,2574512
78,40,2574668
40,78,2574689
40,78,2574847
4,23,2575128
4,23,2575169
96,63,2575480
96,63,2575619
12,12,2576035
12,12,2576284
4,8,2577036
54,54,2579028
39,4,2579839
39,4,2579942
4,4,2580171
4,4,2580177
91,6,2580409
39,4,2580670
81,74,2581614
77,93,2583252
70,98,2583672
10,6,2584392
63,63,2584396
15,10,2585786
96,63,2586160
63,63,2586221
8,4,2586536
76,72,2586603
12,12,2586814
5,60,2587152
5,60,2587226
12,12,2587271
8,23,2587577
23,8,2587580
46,46,2587611
12,12,2588507
12,12,2588526
96,63,2589277
96,63,2589716
8,4,2589770
91,6,2590552
91,6,2590702
23,8,2590870
8,4,2591106
8,23,2591164
23,8,2591166
12,12,2591176
12,12,2591215
20,26,2591475
8,23,2591488
63,63,2591521
23,8,2591579
8,23,2591582
8,23,2591798
77,93,2591799
23,8,2591801
36,22,2591942
23,8,2591955
8,23,2591958
5,60,2592020
8,23,2592888
23,8,2592893
91,6,2593543
8,23,2593650
23,8,2593652
8,4,2593920
8,23,2594023
23,8,2594025
12,12,2594135
63,63,2594514
89,89,2594519
6,10,2595132
25,63,2595282
91,6,2595300
39,4,2595305
39,4,2595860
4,8,2597341
25,63,2597442
91,6,2597591
6,10,2597661
6,15,2597900
6,15,2597938
91,6,2598260
39,4,2598485
39,4,2598762
10,6,2598892
10,6,2599919
25,63,2600343
25,63,2600352
4,8,2600464
10,6,2600498
4,8,2600565
10,6,2600569
39,4,2600761
10,6,2601009
10,6,2601117
10,6,2601442
15,6,2601533
39,4,2601705
4,8,2601905
4,8,2604725
23,4,2605619
6,91,2605628
87,87,2606033
8,4,2607887
8,23,2608247
23,8,2608250
8,23,2608394
23,8,2608398
23,8,2608506
6,10,2609627
6,10,2610655
6,10,2611220
6,10,2611308
8,4,2611557
8,23,2611783
23,8,2611786
6,10,2611857
12,12,2611942
8,23,2612777
23,8,2612800
8,23,2615081
23,8,2615084
4,8,2616080
4,23,2616421
101,90,2616578
4,8,2618693
6,91,2618763
4,8,2620122
4,8,2620404
6,91,2620510
4,8,2621550
4,8,2622362
6,91,2622812
8,23,2622978
23,8,2623013
6,91,2623481
89,89,2631864
89,89,2634859
12,4,2638967
23,5,2640976
5,23,2641041
95,48,2641092
5,8,2641094
12,12,2643934
90,53,2644014
54,54,2644026
70,98,2647213
70,98,2647237
70,98,2647292
70,98,2647297
23,4,2647653
8,23,2647810
23,8,2647813
8,23,2648100
23,8,2648104
23,8,2648282
87,87,2650251
87,87,2650500
4,8,2651188
23,8,2652292
8,23,2653529
23,8,2653534
4,8,2654007
4,23,2654297
23,8,2655629
8,23,2655634
23,8,2655979
8,23,2658132
23,8,2658166
4,23,2658297
4,23,2658442
23,8,2659345
4,23,2659420
87,87,2659714
8,23,2660170
23,8,2660201
4,23,2660310
89,89,2660570
8,23,2660979
23,8,2661016
23,8,2661507
23,8,2661835
87,87,2662456
23,8,2662464
41,41,2662770
19,19,2663104
10,15,2663627
4,8,2666769
32,32,2667340
4,8,2669061
54,54,2669293
54,54,2669332
4,8,2669427
4,8,2669466
8,23,2670161
89,89,2670903
81,76,2671280
8,23,2672361
53,90,2672821
53,90,2672861
4,12,2673052
4,12,2673145
8,23,2673280
4,12,2673446
4,12,2675187
87,87,2678122
12,12,2678288
12,12,31623657
60,23,31623750
20,26,31624289
20,26,31624730
12,12,31624896
86,48,31625194
12,12,31625942
74,81,31627915
74,81,31627940
81,74,31629582
49,57,31629834
52,49,31629991
52,49,31630023
81,74,31630698
23,8,31630715
12,12,31630986
87,87,31633011
12,12,31636049
12,12,31637789
12,12,31637797
93,77,31638146
23,8,31645389
8,23,31645401
81,74,31645827
81,74,31645847
81,74,31645852
8,23,31650715
23,8,31654302
12,12,31655810
89,89,31657618
8,23,31658448
23,8,31660514
39,4,31662937
93,77,31675823
89,89,31678878
85,87,31681261
89,89,31682984
89,89,31686573
87,87,31688172
70,98,31689217
10,15,31690699
10,15,31691203
10,15,31691619
10,15,31691975
81,74,31693078
81,74,31693112
32,32,31695405
74,48,31698332
93,77,31698850
25,63,31699511
12,12,31700043
10,27,31702541
93,77,31703343
70,97,31703974
12,12,31703985
39,4,31704124
8,23,31706830
8,23,31706864
23,8,31706868
12,12,31707048
12,12,31707308
23,8,31708225
8,23,31708229
8,23,31708324
23,8,31708691
93,77,31708877
8,23,31708897
23,8,31708949
23,8,31708986
23,8,31709082
8,23,31709102
8,23,31709221
93,70,31709468
23,8,31710131
81,74,31711549
10,15,31718731
93,77,31719848
12,12,31722299
20,26,31722989
93,77,31723916
39,4,31728085
23,8,31729427
8,23,31729440
12,12,31731485
23,8,31732140
8,23,31733129
23,8,31733131
23,8,31733360
8,23,31733368
8,23,31733600
23,8,31733606
23,8,31733679
8,23,31733688
23,8,31734554
8,23,31735575
23,8,31735575
23,8,31737373
12,12,31737889
23,8,31738027
8,23,31738041
23,8,31738443
87,87,31756074
10,15,31760199
10,15,31761038
10,15,31762534
81,76,31763638
87,87,31765924
63,63,31766641
10,15,31767356
39,4,31767704
39,4,31767751
20,26,31770628
20,26,31770690
74,76,31771301
89,89,31772038
39,4,31772859
4,102,31772887
20,19,31773789
19,20,31773813
12,12,31774279
20,19,31774560
19,20,31774583
10,15,31774909
4,102,31777086
67,30,31778448
10,15,31778465
10,15,31778487
89,89,31778757
10,15,31779185
89,89,31780225
94,4,31780672
102,4,31780672
4,102,31781281
4,102,31781779
93,77,31782218
4,8,31783750
93,77,31784541
94,4,31784900
102,4,31784900
93,74,31784947
93,74,31784979
94,4,31785051
102,4,31785051
89,89,31785458
12,12,31788685
93,77,31789802
93,77,31790378
93,74,31790459
8,23,31792395
23,8,31792409
20,26,31795804
89,89,31795895
93,74,31795915
52,49,31797140
74,48,31798202
10,15,31799014
87,87,31799086
10,15,31799138
93,74,31799626
93,77,31799921
23,8,31800637
60,5,31801784
60,5,31801821
49,80,31804601
49,57,31805204
52,49,31805377
12,12,31805709
81,74,31806571
4,23,31807134
93,77,31807570
36,22,31808269
12,12,31810377
52,49,31810477
23,4,31810709
81,74,31812586
12,12,31816400
30,67,31817917
87,87,31823603
63,63,31823686
39,4,31837748
39,4,31846592
81,74,31848411
81,74,31848452
89,89,31849436
32,32,31850158
32,32,31851121
89,89,31851515
89,89,31852092
4,12,31859437
4,12,31859711
25,63,31865280
89,89,31866717
25,63,31867388
10,27,31869566
10,15,31870099
4,23,31870780
12,12,31872626
12,4,31874129
23,4,31874211
20,26,31874454
4,8,31877109
8,4,31877111
93,74,31877117
49,57,31878387
52,49,31878454
39,4,31878904
39,4,31879020
93,74,31879289
32,32,31879385
39,4,31879467
27,10,31880369
89,89,31881188
12,12,31882890
49,57,31885412
52,49,31885450
39,4,31885774
93,77,31885944
87,87,31888116
93,77,31889073
49,57,31889096
52,49,31889133
93,77,31889502
10,6,31890224
10,6,31891350
93,77,31891791
93,77,31891857
93,74,31893117
39,4,31894761
78,26,31895534
49,57,31897415
52,49,31897470
49,57,31902411
52,49,31902414
78,26,31903654
12,12,31904733
23,4,31913408
23,4,31913458
63,63,31920443
93,74,31930950
10,15,31937258
20,26,31940124
87,87,31940323
4,12,31941516
93,74,31942177
93,74,31942287
93,74,31942293
89,89,31943907
89,89,31945849
4,12,31946066
93,74,31947246
93,74,31948055
63,63,31949377
74,93,31949612
4,12,31950344
93,74,31953246
93,74,31953436
10,15,31954126
93,74,31954421
93,74,31954478
10,15,31955012
10,27,31955494
74,81,31956106
74,76,31956116
36,22,31956689
36,22,31956800
36,22,31957243
93,77,31957512
93,77,31958339
12,12,31958557
93,74,31958600
12,4,31959394
10,15,31959474
32,32,31959658
63,63,31960689
36,22,31963055
12,4,31963953
93,77,31964026
12,12,31965108
78,26,31965953
93,74,31966332
93,74,31967266
36,22,31967557
12,4,31968234
39,4,31970066
70,44,31970317
39,4,31970626
70,44,31971452
39,4,31972388
8,4,31973005
4,8,31973014
64,21,31973209
25,63,31974632
87,87,31975011
8,23,31975755
23,8,31975900
23,8,31975915
23,8,31976038
8,23,31976041
23,8,31976265
8,23,31976436
23,8,31977931
23,8,31978016
23,8,31978065
23,8,31978095
8,23,31978100
36,22,31979739
12,12,31981827
25,63,31982538
81,76,31983219
87,87,31983619
25,63,31986063
8,23,31987855
23,8,31987855
23,8,31988167
8,23,31988174
12,12,31989517
86,46,31994594
89,89,32004897
32,32,32021988
93,74,32022259
89,89,32023126
16,19,32023214
81,74,32025420
81,74,32025431
16,19,32025855
16,19,32025909
81,74,32027017
12,12,32027662
10,15,32029556
89,89,32030128
89,89,32032786
74,93,32033626
93,77,32035078
93,77,32035274
10,15,32037598
10,15,32038712
20,26,32038831
10,15,32040007
10,27,32040297
10,15,32041244
94,102,32041692
102,102,32041692
74,76,32042135
10,15,32043357
74,76,32043780
10,15,32044167
10,15,32044323
93,77,32045181
39,4,32045182
39,4,32045260
39,4,32045286
20,26,32046356
8,23,32047054
10,15,32047101
23,5,32047530
93,74,32047935
93,77,32047979
93,77,32054994
20,26,32055595
20,26,32055860
74,81,32056549
23,8,32056950
20,26,32060046
12,12,32060661
23,8,32061429
8,23,32061583
8,23,32062470
8,23,32062607
8,4,32062722
8,4,32062857
23,8,32062881
23,8,32062901
23,8,32062952
23,8,32062989
8,23,32063009
4,8,32063061
8,4,32063071
8,23,32063112
4,8,32063113
8,23,32063167
23,8,32064078
8,23,32064240
8,4,32064555
8,4,32065240
4,8,32065250
23,8,32069757
8,23,32069759
8,23,32072247
4,8,32072288
8,4,32072295
23,8,32072374
8,23,32072376
8,4,32073144
4,8,32073145
8,4,32073567
4,8,32073568
23,8,32076066
23,8,32076695
8,23,32076700
23,8,32079254
8,23,32079263
23,8,32079532
8,23,32079535
8,23,32079922
23,8,32079930
23,8,32079960
8,23,32079965
89,89,32080034
74,81,32102350
89,89,32104753
10,15,32112498
10,15,32113641
36,22,32113826
81,74,32114071
36,22,32115914
36,22,32116388
81,74,32116671
89,89,32118370
93,77,32118586
93,77,32118616
74,93,32119909
32,32,32120784
12,12,32121064
81,76,32121484
10,27,32121621
93,77,32123255
10,27,32124018
89,89,32124727
23,8,32125039
8,23,32125044
41,41,32125137
41,41,32125143
10,27,32125375
63,63,32129183
23,8,32129834
8,23,32130003
37,37,32130427
93,77,32134054
93,74,32134198
74,93,32134339
39,4,32134765
23,8,32135849
8,23,32135852
39,4,32137138
23,8,32137311
81,76,32137338
81,74,32137379
74,93,32137961
23,8,32138830
23,8,32138922
23,8,32139133
23,8,32139161
23,8,32139249
23,8,32139285
23,8,32139306
23,8,32139396
23,8,32139691
23,8,32140026
74,81,32141856
20,26,32143156
39,4,32143288
74,48,32143899
74,48,32143941
8,23,32145184
20,26,32145298
20,26,32145444
20,26,32146694
8,23,32146816
12,12,32147226
12,15,32147376
20,26,32147822
20,26,32148012
20,26,32148016
93,74,32148649
39,4,32150020
70,44,32150236
10,6,32150804
10,6,32150829
36,22,32151650
93,74,32152266
12,12,32160696
89,89,32170894
74,81,32183095
74,81,32183938
10,15,32195150
10,15,32196618
81,74,32197401
81,74,32197439
87,87,32197960
81,74,32199369
36,22,32199514
10,15,32200824
23,60,32204800
25,63,32207194
74,81,32209672
25,63,32212669
39,4,32214787
89,89,32216417
39,4,32216691
10,27,32219061
93,74,32220626
21,10,32221113
21,10,32222555
81,74,32223999
89,89,32224949
12,12,32227141
27,15,32229061
27,10,32229860
36,22,32231883
10,6,32233938
23,4,32234965
4,23,32234969
93,77,32236239
93,77,32236251
93,77,32236273
36,22,32236431
93,77,32236440
36,22,32236969
36,22,32237010
12,10,32237059
36,22,32237122
36,22,32239074
36,22,32239159
36,22,32239370
93,77,32241702
8,4,32243626
4,8,32243636
93,77,32243806
87,87,32248160
89,89,32277378
20,26,32277979
20,26,32285901
70,98,32286612
60,5,32287471
20,26,32287724
20,26,32287794
36,22,32289816
20,26,32290539
4,8,32291668
8,4,32291683
23,8,32297603
10,27,32297645
57,49,32297773
39,4,32298890
23,8,32299392
23,8,32299599
36,22,32300468
36,22,32300625
10,15,32303199
74,81,32308379
27,10,32308450
10,6,32308600
8,23,32308611
52,49,32309249
52,49,32309280
4,8,32310207
8,23,32310416
8,23,32310625
93,77,32310983
39,4,32316556
81,74,32317716
23,8,32318139
93,77,32319919
23,4,32322081
4,23,32322187
4,23,32322248
81,74,32322706
87,87,32322925
8,4,32324564
4,8,32324567
12,12,32325036
12,12,32328483
23,4,32328560
23,4,32328647
4,23,32328820
74,81,32362630
20,26,32362838
10,15,32366898
10,15,32367805
60,5,32368776
60,5,32368797
39,4,32374006
12,12,32375205
60,5,32375699
10,15,32375943
70,98,32378064
70,98,32378204
10,15,32381678
39,4,32381721
89,89,32382062
20,26,32383423
36,22,32384352
89,89,32391035
37,68,32392426
37,68,32392564
10,6,32392829
70,84,32392830
22,6,32393630
22,6,32393659
39,4,32396898
39,4,32399415
10,15,32400555
10,15,32400626
23,8,32403294
20,26,32403466
36,22,32403832
25,63,32405593
36,22,32405896
25,63,32406359
70,98,32406568
57,54,32407347
23,60,32408334
39,4,32408348
25,63,32408650
20,26,32409156
12,12,32409266
20,26,32410178
81,76,32410478
23,60,32410547
39,4,32410726
23,8,32410850
23,4,32410953
23,8,32411637
60,23,32411940
60,23,32414147
89,89,32434649
89,89,32436440
74,93,32447329
16,19,32451704
89,89,32453381
89,89,32454447
93,77,32454541
23,60,32455808
23,8,32459920
93,74,32461643
23,8,32461745
23,4,32463026
4,23,32463271
89,89,32463790
12,12,32466646
89,89,32467635
89,89,32467906
25,63,32470154
20,26,32471875
23,8,32475604
20,26,32475981
19,16,32476715
20,26,32478268
4,8,32479267
93,77,32481014
81,74,32481303
52,49,32481350
52,49,32481451
23,5,32482804
20,26,32482844
20,26,32482888
23,8,32484137
8,23,32484186
89,89,32484221
23,8,32484318
8,23,32484325
20,26,32484434
63,63,32485754
36,22,32485795
89,89,32487019
20,26,32487430
20,26,32487460
52,54,32487473
52,54,32487501
89,89,32488243
23,8,32489172
25,63,32490213
13,4,32491509
4,102,32491585
4,102,32491650
60,23,32492475
102,4,32495193
102,4,32495237
20,26,32495654
23,8,32497886
23,8,32497934
8,23,32498047
23,8,32499402
23,8,32499486
32,32,32499496
32,32,32499524
23,8,32499554
8,23,32499573
8,23,32499718
12,12,32500385
27,15,32508579
27,15,32508607
52,49,32511929
4,8,32537873
8,4,32537882
10,15,32539597
60,5,32540027
60,23,32540059
60,5,32541229
4,8,32542880
8,4,32542880
93,77,32543331
36,22,32548655
81,74,32550835
52,49,32553056
4,12,32554466
4,12,32554609
12,12,32555531
93,77,32558007
12,4,32558068
12,4,32558210
52,49,32562515
20,26,32563134
20,26,32563175
81,76,32564464
89,89,32564895
93,77,32565147
74,81,32566240
93,77,32566485
74,81,32566860
74,81,32567040
93,77,32567178
10,6,32568539
10,6,32568563
4,60,32572086
12,12,32573954
21,20,32574751
21,20,32574785
20,21,32574936
60,4,32575703
60,102,32575831
89,89,32576115
26,20,32577552
26,20,32577591
25,5,32578439
4,8,32579163
4,8,32579232
81,74,32580562
81,74,32581180
81,74,32581360
20,26,32584938
57,54,32588260
39,4,32588362
57,54,32588364
12,12,32588562
39,4,32594385
12,12,32601314
39,4,32601482
89,89,32631573
36,21,32632586
10,15,32633198
10,15,32633361
39,4,32634053
39,4,32634363
39,4,32634420
36,21,32636135
36,22,32636241
36,21,32636628
36,21,32637452
23,8,32638399
8,23,32638562
20,26,32639408
20,26,32640801
20,26,32641690
10,6,32642099
36,21,32642677
20,26,32648482
93,77,32649108
12,12,32650492
12,12,32650503
10,15,32650774
20,26,32652107
36,21,32652714
74,93,32656755
74,81,32656958
20,26,32657520
20,26,32657718
4,8,32659313
8,4,32659313
36,21,32659320
20,26,32659451
36,21,32660604
12,12,32663138
12,12,32663145
12,12,32663180
10,6,32663572
12,12,32663667
4,102,32665348
4,102,32665377
20,26,32666582
4,102,32666715
57,49,32668193
49,57,32668309
93,77,32669207
94,4,32670313
102,4,32670313
93,74,32671061
23,8,32672383
8,23,32672544
20,26,32674659
20,26,32674673
39,4,32675622
39,4,32675624
52,49,32676172
4,8,32679611
8,4,32679613
23,8,32679770
8,23,32679771
23,8,32682430
12,12,32685254
12,12,32688985
36,21,32694346
63,63,32709310
63,63,32709323
63,63,32709430
23,8,32714134
8,23,32714159
10,15,32716513
89,89,32717436
89,89,32717454
36,22,32717654
36,22,32717787
70,97,32719667
12,12,32720141
87,87,32721965
87,87,32722013
87,87,32722032
39,4,32722989
74,81,32723006
12,12,32724211
12,12,32724301
36,22,32724445
87,87,32726658
87,87,32726703
87,87,32726742
8,60,32730400
4,60,32730536
87,87,32730563
93,77,32731810
63,63,32732817
23,60,32732822
60,23,32733997
60,8,32734041
60,4,32734183
10,15,32734556
60,23,32736456
13,4,32737241
81,74,32737329
23,8,32741923
8,23,32742046
8,23,32742079
23,8,32742960
8,23,32743117
20,26,32743788
10,15,32744477
32,32,32745365
10,15,32745576
10,15,32745637
10,15,32746707
13,4,32749019
32,32,32749801
36,22,32749883
12,12,32750017
81,74,32750191
25,63,32750271
96,63,32750600
13,4,32750638
70,98,32752073
49,57,32754178
26,20,32758213
57,49,32764996
23,8,32767142
12,12,32770644
12,12,32772828
12,12,32772845
10,15,32798120
52,49,32800815
10,15,32802559
10,15,32803024
36,22,32805719
10,15,32806916
89,89,32808339
12,12,32809487
10,15,32809568
10,15,32813912
8,4,32818417
4,8,32818421
32,32,32819069
32,32,32819108
39,4,32820250
4,8,32822373
60,5,32823945
8,4,32824062
8,4,32824109
13,4,32825544
20,26,32825859
89,89,32827486
20,26,32828145
10,15,32830640
10,15,32830666
10,15,32831415
39,4,32831533
23,4,32831671
4,23,32831694
49,57,32832526
39,4,32833321
36,22,32833559
49,57,32833692
49,57,32833820
39,4,32835195
13,4,32835272
20,26,32835422
49,57,32839452
12,12,32841321
12,12,32842162
49,57,32842434
49,57,32842895
49,57,32842921
4,8,32843444
49,57,32843464
49,57,32844191
57,49,32844510
57,49,32844640
49,57,32845481
4,8,32845597
8,4,32845597
8,4,32847138
12,12,32847155
8,4,32847262
4,8,32847719
8,4,32847727
4,8,32847737
8,4,32847747
4,8,32847773
8,4,32847782
4,8,32849421
8,4,32849422
57,49,32850316
57,49,32853235
12,12,32853644
57,49,32853710
57,49,32853736
57,49,32854281
57,49,32855020
57,49,32856295
23,8,32856835
23,8,32861234
23,8,32861276
4,8,32861317
23,8,32861631
39,4,32879109
20,26,32882026
20,26,32882204
20,26,32882333
49,57,32883177
89,89,32886592
23,8,32892289
74,76,32894000
12,12,32895205
74,81,32898596
87,87,32899006
87,87,32899258
39,4,32900027
49,57,32900304
20,21,32901575
20,21,32901600
8,4,32901816
89,89,32902237
36,22,32902830
74,76,32904326
74,76,32904939
4,8,32909523
57,49,32911118
4,8,32911795
8,4,32912734
8,4,32912764
10,6,32914590
36,22,32916700
10,6,32916813
13,4,32917296
93,77,32917955
23,8,32918329
20,26,32918742
81,76,32919674
36,22,32921133
81,97,32921155
81,48,32921254
81,48,32922063
81,48,32922360
81,48,32922421
36,22,32922501
36,22,32923217
4,8,32923475
93,77,32923963
22,6,32924761
22,6,32924777
22,6,32924831
93,77,32925754
60,5,32925793
93,77,32926167
22,6,32926346
22,6,32927075
93,81,32927435
81,93,32927442
93,77,32927489
93,81,32927714
81,93,32927726
22,6,32927985
39,4,32928996
93,77,32929018
81,97,32929668
23,8,32930669
23,4,32930709
4,23,32930727
12,12,32931489
10,6,32932094
52,49,32932238
39,4,32932743
96,63,32932798
12,12,32933255
8,4,32933431
4,8,32933438
96,63,32934977
23,8,32935928
4,8,32937453
8,4,32937454
4,8,32937890
8,4,32937891
39,4,32967816
70,98,32973769
23,8,32974164
8,23,32974322
4,8,32976721
8,4,32976724
4,8,32977118
8,4,32977124
10,15,32980053
89,89,32981407
13,4,32983875
4,8,32986786
74,48,32988455
74,48,32988533
4,12,32990216
93,77,32991201
12,12,32991502
39,4,32992050
12,4,32993811
39,4,32994542
39,4,32994553
10,15,32995756
63,63,32997472
74,95,33000348
63,63,33000651
8,4,33002633
10,15,33003164
39,4,33006875
96,63,33008057
32,32,33008565
87,87,33009698
60,5,33012278
93,77,33017585
81,76,33020724
13,4,33021608
23,4,33022270
4,23,33022277
81,76,33023391
93,14,33025366
13,4,33025886
60,5,33033085
39,4,33035497
89,89,33046079
89,89,33046161
12,12,33052020
10,15,33056745
60,5,33057147
60,5,33057271
60,5,33057297
12,12,33059727
93,77,33059817
89,89,33060178
60,5,33062582
93,77,33063355
93,77,33063545
93,77,33064345
39,4,33064883
8,23,33066052
89,89,33066129
60,5,33066974
60,5,33067149
60,5,33067435
60,5,33067467
36,22,33067686
12,12,33069982
10,15,33070765
4,102,33073742
4,31,33074229
10,15,33075897
10,15,33076280
23,8,33076853
94,4,33077344
102,4,33077344
10,15,33078831
93,77,33079380
74,93,33081895
10,6,33083831
10,6,33084212
10,6,33086129
93,74,33088961
93,77,33089181
23,4,33091412
4,12,33091495
4,23,33091573
4,8,33091770
8,4,33091770
93,77,33092676
74,76,33092911
87,87,33093367
74,76,33094510
10,15,33094877
93,74,33096209
93,81,33096411
23,4,33097345
4,12,33098927
23,4,33099459
4,23,33099614
4,8,33099674
8,4,33099686
96,63,33099765
4,12,33099857
23,4,33099880
4,23,33100028
10,6,33100252
93,77,33101093
4,12,33101327
32,32,33101679
32,32,33101699
12,12,33102196
12,4,33102518
25,63,33103226
25,63,33103438
12,4,33103463
25,63,33104000
12,4,33104937
96,63,33110271
12,12,33113215
12,12,33121871
74,95,33130005
25,63,33145788
93,77,33148367
20,26,33148829
20,26,33148863
20,26,33148950
20,26,33149020
20,26,33149150
20,26,33149281
74,76,33149380
93,77,33149437
20,26,33149461
20,26,33149702
20,26,33149940
93,77,33150958
8,4,33154291
8,4,33154520
8,4,33154756
36,22,33156888
36,22,33157368
12,12,33157552
8,23,33160157
81,76,33161186
52,49,33163212
20,26,33163365
94,4,33163685
102,4,33163685
74,93,33163918
78,26,33164055
4,8,33165323
4,8,33165558
52,49,33166218
52,49,33166404
12,12,33166527
49,80,33168377
12,12,33168633
23,8,33170969
32,32,33173625
74,93,33175282
39,4,33175470
93,74,33178231
93,80,33178851
93,81,33179013
93,74,33180204
23,8,33181055
23,4,33181729
4,23,33181952
4,12,33182728
4,12,33182857
4,12,33182978
12,4,33186312
12,4,33186470
12,4,33186572
81,76,33188454
93,74,33189524
93,74,33189574
93,81,33189590
70,98,33198081
81,76,33203054
81,76,33203145
81,76,33203349
81,76,33203357
89,89,33214145
89,89,33216884
23,4,33230195
4,23,33230279
4,23,33230340
4,23,33236494
23,4,33237693
23,4,33241679
4,23,33241834
23,4,33245177
4,23,33245333
23,4,33245600
23,4,33245627
23,4,33245633
4,23,33245789
4,23,33246244
4,23,33246472
23,4,33247528
4,23,33247676
23,4,33247812
4,23,33247965
4,8,33249941
96,63,33251473
4,8,33251879
4,8,33253840
75,58,33254561
23,4,33256238
23,4,33256952
23,4,33258315
23,4,33258683
4,23,33258842
4,8,33262602
25,63,33262621
25,63,33263041
25,63,33263110
64,90,33265568
64,90,33265579
25,63,33267239
23,8,33267285
23,4,33267459
23,4,33267505
4,8,33267547
4,23,33267582
23,4,33267611
23,4,33267709
4,23,33267780
4,23,33267859
23,4,33268381
4,23,33268535
4,8,33268653
4,8,33269118
81,76,33269127
81,48,33269573
23,8,33269849
23,8,33269929
4,8,33271039
23,4,33271255
4,23,33271409
23,4,33271491
23,4,33273957
23,4,33274019
4,23,33274095
4,23,33274156
32,32,33274209
23,4,33274317
4,23,33274454
23,4,33275701
4,8,33275912
23,4,33276027
23,8,33276972
4,23,33279160
23,4,33279162
64,90,33279290
4,12,33279704
12,4,33280044
12,4,33280123
64,90,33281910
23,8,33286330
23,8,33286997
32,32,33287496
10,6,33289410
94,102,33293551
102,102,33293551
12,12,33293691
10,6,33316292
32,32,33317595
10,6,33317876
39,4,33318067
93,77,33320864
20,26,33324878
20,26,33327525
20,26,33330031
20,26,33330074
10,15,33330325
74,76,33332437
93,77,33333444
8,23,33334718
8,23,33334798
20,26,33335211
20,26,33335474
12,12,33336618
94,102,33338970
102,102,33338970
32,32,33339244
94,102,33339991
102,102,33339991
93,74,33341706
12,12,33341736
20,26,33343261
23,4,33343816
20,26,33344053
20,26,33344417
4,8,33344718
8,4,33344735
8,23,33344814
20,26,33347180
4,8,33347281
8,4,33347291
74,81,33347855
20,26,33348842
81,76,33349069
23,8,33350625
8,23,33350787
74,81,33351408
81,76,33351486
74,81,33351856
74,81,33353405
74,76,33353464
74,81,33353469
74,81,33353496
4,12,33353673
74,81,33353806
74,81,33354581
23,8,33354674
74,81,33354815
8,23,33354834
36,22,33355889
25,63,33356241
12,4,33357277
23,8,33357543
8,23,33357705
4,12,33357774
81,76,33358237
12,4,33361375
74,81,33363226
20,26,33367512
81,74,33372986
40,40,33375701
81,74,33376530
81,74,33376977
40,40,33377618
81,74,33378526
81,74,33378617
81,74,33378929
81,74,33379711
81,74,33379942
81,74,33388347
89,89,33391319
89,89,33398132
93,74,33400993
93,74,33401084
93,74,33404916
10,15,33407498
12,12,33407916
10,15,33408034
10,15,33408233
10,15,33408978
52,49,33409073
52,49,33409327
52,49,33409435
10,15,33413760
10,6,33413925
10,6,33414083
10,6,33414693
10,15,33414922
10,6,33415356
10,6,33415495
10,6,33415612
10,6,33417080
89,89,33418921
23,60,33424264
4,102,33424905
32,32,33425440
10,15,33426263
60,23,33428023
94,4,33428488
102,4,33428488
23,4,33429997
4,23,33430018
32,32,33431781
23,8,33432650
23,8,33432891
23,8,33432924
93,77,33435534
74,81,33436094
60,23,33436208
20,26,33437325
74,81,33437382
12,12,33437805
74,81,33437964
74,81,33438203
74,81,33438465
23,8,33438871
93,77,33439766
94,4,33440586
102,4,33440586
4,8,33442774
4,8,33442778
23,4,33442843
4,23,33442864
23,4,33443373
4,23,33443393
81,76,33444507
22,6,33444713
23,8,33444939
23,8,33444988
12,12,33445481
4,8,33446410
23,8,33447028
52,49,33447398
52,49,33447434
52,49,33447473
4,8,33447579
52,49,33447662
39,4,33447919
52,49,33448093
12,12,33448610
23,8,33448706
4,8,33448810
52,49,33449190
52,49,33449534
52,49,33451330
23,8,33455363
64,90,33458066
81,76,33459765
81,74,33461216
81,74,33462458
81,74,33462505
81,74,33463086
81,74,33463325
81,74,33463536
81,74,33463586
12,12,33467397
89,89,33470461
93,77,33489844
93,77,33490530
93,77,33490532
93,77,33490565
89,89,33491546
96,63,33492949
10,12,33495966
10,12,33496053
93,77,33496504
93,77,33496547
12,12,33496591
12,12,33496625
89,89,33500122
32,32,33501100
32,32,33501142
12,12,33501592
96,63,33506674
96,63,33507307
96,63,33510304
10,15,33510574
96,63,33511156
10,15,33511177
25,63,33512122
60,5,33517528
4,8,33518220
8,4,33518229
8,23,33518577
78,26,33519449
23,8,33520785
8,23,33520792
4,23,33521386
23,4,33521756
4,23,33521871
4,23,33521912
4,8,33522022
23,8,33523800
39,4,33524721
81,74,33524926
23,4,33524959
81,74,33525005
23,8,33525131
39,4,33526396
52,49,33526652
22,22,33527396
21,26,33529813
12,12,33531132
21,26,33531163
21,26,33534360
21,26,33534573
93,74,33536051
21,26,33536366
60,5,33536840
23,8,33537864
12,12,33538438
23,8,33539765
4,8,33543329
8,4,33543340
12,12,33548947
89,89,33562779
20,19,33573299
89,89,33583478
23,8,33584534
8,23,33584692
36,22,33587025
36,22,33588900
8,4,33595250
4,8,33595254
23,8,33596026
8,23,33596185
23,8,33596496
8,23,33596656
36,22,33597575
36,22,33597673
93,74,33597900
23,8,33598041
23,8,33598162
39,4,33598858
39,4,33600691
39,4,33600882
23,8,33605323
8,23,33605329
93,74,33606121
23,8,33607484
8,4,33607611
8,23,33607656
60,5,33607701
8,4,33607737
4,8,33609582
8,4,33609595
60,5,33609880
12,12,33611688
12,12,33611867
4,8,33612147
12,12,33612296
4,8,33612487
8,4,33612495
20,26,33612743
39,4,33615407
20,26,33615815
93,74,33616298
23,8,33617060
10,15,33618132
93,74,33620515
8,23,33620769
60,5,33624033
10,15,33625429
12,12,33629398
23,8,33637714
89,89,33652510
89,89,33659291
89,89,33660251
4,8,33665994
4,8,33667426
37,37,33679862
25,63,33680822
25,63,33682743
25,63,33683386
8,4,33685673
23,8,33685701
8,23,33685709
37,37,33685818
8,4,33686124
23,8,33686174
8,23,33686182
12,12,33687366
93,77,33688942
37,37,33689558
32,32,33689678
89,89,33691605
10,15,33694493
10,6,33694959
20,26,33697435
23,8,33699093
23,8,33700021
8,23,33700135
23,8,33700652
23,8,33702119
23,8,33713614
23,8,33714074
23,8,33714156
12,12,33714185
8,23,33714189
23,8,33714189
8,23,33714282
23,8,33714288
8,23,33714393
23,8,33714429
8,23,33714555
23,8,33714608
23,8,33714655
8,23,33714709
8,23,33714755
23,8,33715639
8,23,33715738
23,8,33718140
8,23,33718250
12,12,33721447
12,12,33725034
89,89,33750573
39,4,33752835
70,44,33755321
32,32,33756432
23,8,33763380
8,23,33763490
25,63,33764378
23,4,33764799
23,8,33764839
4,8,33765778
8,4,33765782
23,4,33767239
12,12,33767651
12,12,33768835
23,8,33770289
74,76,33771886
4,23,33772261
32,32,33773756
23,8,33774976
23,8,33775010
23,8,33775058
10,15,33776106
23,8,33779706
8,23,33779876
8,23,33781701
8,23,33781839
23,8,33782093
8,23,33782262
23,8,33783123
23,8,33783145
8,23,33783233
8,23,33783252
32,32,33786588
39,4,33790292
23,8,33794598
8,23,33794705
64,90,33795694
64,90,33796243
39,4,33796477
39,4,33796501
12,12,33796549
64,90,33797074
96,63,33797305
64,90,33797538
8,23,33798088
39,4,33802242
23,8,33804324
12,12,33816417
23,5,33840268
10,15,33843558
10,15,33845656
4,8,33847421
23,8,33851384
8,23,33851429
23,8,33855159
25,63,33855229
8,23,33855331
8,23,33856100
23,8,33856205
8,23,33856339
8,23,33856373
8,4,33856579
8,4,33856633
8,4,33856800
23,5,33856975
23,8,33857025
23,5,33857065
8,23,33857199
4,8,33857228
4,8,33857278
8,23,33858489
8,23,33858849
23,8,33860579
8,4,33860749
39,4,33860865
20,26,33861958
39,4,33862305
20,26,33862933
74,81,33863280
20,26,33864803
39,4,33865603
23,5,33866129
23,5,33866657
23,4,33867052
4,8,33867178
4,8,33867191
4,23,33867225
8,4,33867302
4,8,33867307
4,8,33868938
25,63,33871101
21,26,33871925
20,26,33871964
21,26,33872119
39,4,33873291
39,4,33874141
25,63,33875146
93,72,33875952
23,8,33878545
8,23,33878651
23,8,33880165
23,8,33880580
8,23,33880748
23,8,33881346
8,23,33881449
23,8,33882728
8,23,33882894
23,8,33893863
8,23,33893972
23,8,33894461
23,8,33897509
8,23,33897640
8,23,33902913
20,26,33917287
81,76,33928360
93,77,33929045
81,76,33933651
81,76,33934374
93,77,33937040
96,63,33940651
36,21,33944272
36,21,33944823
12,12,33945635
36,21,33945943
36,21,33946599
20,26,33947091
49,80,33947130
20,26,33947848
20,26,33947923
20,26,33948091
93,77,33949018
74,93,33949112
93,77,33951734
93,74,33953508
96,63,33954165
96,63,33956014
4,102,33957596
4,12,33958389
36,21,33958490
36,22,33959310
86,46,33962168
93,74,33963408
8,23,33964522
36,21,33966315
36,21,33967325
36,21,33968042
93,72,33969415
39,4,33970942
12,4,33972793
23,8,33975315
12,12,33984131
89,89,33986710
39,4,33988358
12,12,33997212
12,12,33997231
12,12,33997250
20,26,34005905
21,20,34005971
20,21,34006099
20,26,34006149
20,26,34007056
21,26,34007112
21,26,34008842
21,26,34009380
21,20,34010339
20,21,34010465
74,93,34011397
10,15,34013763
70,84,34016088
8,4,34017637
8,4,34017665
8,4,34017712
89,89,34018147
89,89,34018439
21,20,34020177
21,20,34020200
4,23,34021619
25,63,34021895
12,12,34022347
74,93,34023035
36,22,34023572
36,22,34023594
93,74,34025706
93,74,34028925
21,20,34030048
21,26,34030200
21,26,34030245
74,93,34033404
21,26,34033791
21,20,34034176
20,26,34034245
20,21,34034307
93,77,34035143
81,57,34036114
21,20,34036369
20,21,34036499
12,12,34036554
93,77,34036985
93,74,34037359
93,74,34037463
4,8,34039642
8,23,34039865
20,26,34040388
36,21,34040449
36,21,34040818
21,20,34042217
20,21,34042346
21,20,34043942
21,20,34044104
20,21,34044235
21,20,34044438
20,21,34044569
21,20,34044638
20,21,34044769
93,74,34047713
93,77,34049155
12,12,34051205
39,4,34051657
93,81,34052528
93,81,34053467
81,93,34053476
67,30,34057934
23,8,34060502
23,4,34060573
67,30,34065008
12,12,34065409
12,12,34065598
12,12,34070537
39,4,34090190
39,4,34090192
36,21,34091817
93,74,34100440
93,74,34101395
23,4,34102865
4,23,34103005
36,22,34104301
23,60,34105585
23,60,34105654
23,60,34105718
20,21,34106847
60,23,34109349
12,12,34112304
64,90,34113078
64,90,34113559
20,21,34120810
20,26,34120827
8,23,34121026
36,21,34126224
21,20,34126316
20,21,34126445
36,21,34126490
36,22,34126622
93,77,34126784
8,23,34128154
93,74,34129607
39,4,34130060
23,8,34131818
70,44,34132348
8,23,34134373
20,26,34134603
12,12,34134838
36,21,34135170
20,26,34135591
39,4,34136494
23,8,34138941
20,26,34139431
8,23,34139508
21,20,34145042
23,8,34145167
20,21,34145170
8,23,34148339
36,21,34148851
23,8,34150301
8,23,34150956
23,8,34159133
12,12,34160534
12,12,34160552
23,8,34161750
89,89,34174948
21,20,34176933
21,20,34178498
36,21,34182464
36,21,34183729
36,21,34185666
4,8,34186106
39,4,34191693
39,4,34198719
8,4,34199370
8,23,34200791
4,8,34202191
23,4,34204554
37,68,34205706
23,8,34211585
12,12,34211975
23,60,34211987
37,68,34216254
39,4,34216326
37,68,34216525
20,26,34217457
23,4,34217734
20,26,34217795
23,4,34217796
37,68,34219098
37,68,34220358
23,4,34221152
23,4,34222001
4,23,34222149
12,12,34222302
12,12,34223648
12,12,34225533
23,4,34261230
74,81,34261801
74,81,34262506
74,81,34262759
23,60,34264532
12,12,34265999
39,4,34268946
25,63,34273108
23,8,34275243
8,23,34275257
81,74,34276128
12,12,34276163
81,74,34276830
81,74,34277083
39,4,34278216
81,74,34278516
81,74,34278554
81,76,34278569
23,60,34278701
35,15,34278853
23,60,34281372
60,23,34282465
23,4,34283002
4,23,34283159
23,4,34283187
4,23,34283342
23,60,34283653
93,77,34284786
60,23,34285138
93,77,34285821
60,23,34287416
93,77,34288699
74,81,34293655
74,81,34294772
